0 0 0 0 0 0 0 0 0 0 0 0 0 0 0 0 0 0 0 0 0 0 0 0 0 0 0 0 0 0 0 0 0 0 0 0 0 0 0 0 0 0 0 0 0 0 0 0 0 0 0 0 0 0 0 0 0 0 0 0 0 0 0 0 0 0 0 0 0 0 0 0 0 0 0 0 0 0 0 0 0 0 0 0 0 0 0 0 0 0 0 0 0 0 0 0 0 0 0 0 
0 0 0 0 0 1550 0 0 0 0 0 0 0 0 0 0 0 0 0 0 0 0 0 0 0 0 0 0 0 0 0 0 0 0 0 0 0 0 1524 0 0 0 0 0 0 0 0 0 0 1535 1549 0 1545 0 1514 0 0 1547 0 0 0 0 1524 0 0 0 0 0 0 0 0 1510 0 0 0 0 1539 0 0 0 0 0 0 0 0 1518 0 0 0 0 0 0 0 0 0 0 0 0 0 0 
0 0 0 0 0 0 0 0 0 0 0 0 0 0 0 0 0 0 0 0 0 0 0 0 1540 0 0 0 0 0 0 0 0 0 1518 0 0 0 0 0 0 0 0 0 0 0 0 0 0 0 0 0 0 0 0 0 0 0 0 0 0 0 0 0 0 0 0 0 0 0 0 0 0 0 0 0 1537 0 0 0 0 0 0 0 0 0 0 0 0 0 0 0 0 0 0 0 0 0 0 0 
0 0 0 0 0 0 0 0 0 0 0 0 0 0 0 0 0 0 0 0 0 0 0 0 0 0 0 0 0 0 0 0 0 0 0 0 0 0 0 0 1524 0 0 0 0 0 0 0 0 0 0 0 0 0 0 0 0 0 0 0 0 0 0 1544 0 0 0 0 0 0 0 0 0 0 0 0 0 0 0 0 0 0 0 0 1544 0 0 0 0 0 0 0 0 0 0 0 0 0 0 0 
0 0 0 0 0 0 0 0 0 0 0 0 0 0 0 0 1511 0 0 0 0 0 0 1532 0 0 0 0 0 0 1529 0 0 0 0 0 0 0 0 0 0 0 0 0 0 1526 0 0 0 0 0 0 0 0 0 0 0 0 0 0 0 0 0 0 0 0 0 0 0 0 0 0 0 0 0 0 0 0 0 0 0 0 0 0 0 0 0 1525 0 0 0 0 1514 0 0 0 0 0 0 1525 
0 1552 0 0 0 0 0 0 0 0 0 0 0 0 0 0 0 0 0 0 0 0 0 0 0 0 0 0 0 0 0 0 0 0 0 0 0 0 0 0 0 0 0 0 0 0 0 0 0 0 0 0 0 0 0 0 0 0 0 0 0 0 0 0 0 0 0 0 0 0 0 1539 0 0 0 0 0 0 0 0 0 0 0 1511 0 0 0 0 0 0 0 0 0 0 0 0 0 0 0 0 
0 0 0 0 0 0 0 0 0 0 0 0 0 0 0 0 0 0 0 0 0 0 1516 0 0 0 0 0 0 0 0 0 0 0 0 0 0 0 0 0 0 0 0 0 0 0 0 0 0 0 0 0 0 0 0 0 0 0 0 0 0 0 0 0 0 0 0 1530 0 0 0 0 0 0 0 0 0 0 0 0 0 0 0 0 0 0 0 0 0 0 0 0 1556 0 0 0 0 0 0 0 
0 0 0 0 0 0 0 0 0 0 0 0 0 0 0 0 0 0 0 0 0 0 0 0 0 0 0 0 0 0 0 0 0 0 0 0 1534 0 0 0 0 0 0 1529 0 0 0 0 0 0 0 1518 1545 0 0 0 0 0 0 0 0 0 0 0 0 0 0 0 0 0 0 0 0 0 0 0 0 0 0 0 0 0 0 0 1521 0 0 0 0 0 0 0 0 0 0 0 0 0 0 0 
0 0 0 0 0 0 0 0 0 0 0 0 0 0 0 0 0 0 0 0 0 0 0 0 0 0 0 0 0 0 1541 0 0 0 0 0 0 0 0 0 0 0 0 0 0 0 0 0 0 1557 1545 0 0 0 0 0 0 0 0 0 0 0 0 0 0 0 0 0 0 0 0 0 0 0 0 0 0 0 0 0 0 0 0 0 0 0 0 0 0 0 0 0 0 0 0 0 0 0 0 0 
0 0 0 0 0 0 0 0 0 0 0 0 0 0 0 0 0 0 0 0 0 0 0 0 0 0 0 0 0 0 0 0 0 0 1516 0 0 0 0 0 0 0 0 0 0 0 0 0 0 1527 0 0 0 0 0 0 0 0 0 0 0 0 0 0 0 0 0 0 0 0 0 0 0 0 0 0 0 0 1518 0 0 0 0 0 0 0 1532 0 0 0 0 0 1519 0 0 0 0 0 0 0 
0 0 0 0 0 0 0 0 0 0 0 0 0 0 0 0 0 0 0 0 0 0 0 0 0 0 0 0 0 0 0 0 0 0 1534 0 0 0 0 0 0 0 0 0 0 0 0 0 0 1536 0 0 0 0 0 0 0 0 0 0 0 0 0 0 0 0 0 0 0 0 0 0 0 0 0 0 0 0 0 0 0 0 0 0 0 0 0 0 0 0 0 0 1513 0 0 0 0 0 0 0 
0 0 0 0 0 0 0 0 0 0 0 0 0 0 0 0 0 0 0 0 0 0 1533 0 0 0 0 0 0 0 0 0 0 0 1557 0 0 0 0 0 0 0 0 0 0 0 0 0 0 0 0 0 0 0 0 0 0 0 0 0 0 0 0 0 0 0 0 0 0 0 0 0 0 0 0 0 0 0 0 0 0 0 0 0 0 1526 0 0 0 0 0 0 0 0 0 0 0 0 0 0 
0 0 0 0 0 0 0 0 0 0 0 0 0 0 0 0 0 0 0 0 0 0 0 0 1532 0 0 0 0 0 0 0 0 0 1539 0 0 0 0 0 0 0 0 0 0 0 0 0 0 1518 0 0 0 0 0 0 0 0 0 0 0 0 0 0 0 0 0 0 0 0 0 0 0 0 0 0 0 0 0 0 0 0 0 0 0 0 0 0 0 0 0 0 0 0 0 0 0 0 0 0 
0 0 0 0 0 0 0 0 0 0 0 0 0 0 0 0 0 0 0 0 0 0 0 0 0 0 0 0 0 0 0 0 0 0 0 0 0 0 0 0 0 0 0 0 0 0 0 0 0 1520 0 0 0 0 0 0 0 0 0 0 0 0 0 0 0 0 0 0 0 0 0 0 0 0 0 0 0 0 0 0 0 0 0 0 0 0 0 0 0 0 0 0 1537 1556 0 0 0 0 0 0 
0 0 0 0 0 0 0 0 0 0 0 0 0 0 0 0 0 0 0 0 0 0 0 0 1550 0 0 0 0 0 0 0 0 0 0 0 0 0 0 0 0 0 0 0 0 0 0 0 0 0 1511 0 0 0 0 0 1536 0 0 0 0 0 0 0 0 0 0 0 0 0 0 0 0 0 0 0 0 0 0 0 0 0 0 0 0 0 0 0 0 0 0 0 0 0 0 0 0 0 0 0 
0 0 0 0 0 0 0 0 0 0 0 0 0 0 0 0 0 0 0 0 0 0 0 0 0 0 0 0 0 0 0 0 0 0 0 0 0 0 0 0 0 0 0 0 0 0 0 0 0 1512 0 0 1551 0 0 0 0 0 0 0 0 0 0 0 0 0 0 0 0 0 0 0 0 0 0 0 0 0 0 0 0 0 0 1515 0 0 0 0 0 0 0 0 0 0 0 0 0 0 0 0 
0 0 0 0 1511 0 0 0 0 0 0 0 0 0 0 0 0 0 0 0 0 0 0 0 0 0 0 0 0 0 0 0 0 0 0 0 0 0 0 0 0 0 0 0 0 0 0 0 0 0 1537 0 0 0 0 0 0 0 0 0 0 0 0 0 0 0 0 0 0 1513 0 0 0 0 0 1527 0 0 0 0 0 0 0 0 0 1553 0 0 0 0 0 0 0 0 0 0 0 0 0 0 
0 0 0 0 0 0 0 0 0 0 0 0 0 0 0 0 0 0 0 0 0 0 0 0 0 0 0 0 0 0 0 0 0 0 0 0 0 0 0 0 0 0 0 0 0 0 0 0 0 1520 1516 0 0 0 0 0 0 0 0 0 0 0 0 0 0 0 0 0 0 0 0 0 0 0 0 0 0 0 0 0 0 0 0 0 0 0 0 0 0 0 0 0 0 0 0 0 0 0 0 0 
0 0 0 0 0 0 0 0 0 0 0 0 0 0 0 0 0 0 0 0 1516 0 0 1544 0 0 0 0 0 0 1547 0 0 0 0 0 0 0 0 0 0 0 0 0 0 0 0 0 0 0 1554 0 0 0 0 0 0 0 0 0 0 0 0 0 0 0 0 0 0 0 0 0 0 0 0 1556 0 0 0 0 0 0 0 0 0 0 0 0 0 0 0 0 0 0 1557 0 0 0 0 0 
0 0 0 0 0 0 0 0 0 0 0 0 0 0 0 0 0 0 0 0 0 0 0 0 0 0 0 0 0 1527 0 0 0 0 0 0 0 0 0 0 0 0 0 0 0 0 0 0 0 1542 0 0 0 0 0 0 1525 0 0 1546 0 0 0 1510 0 0 0 0 0 0 0 1550 1524 1553 0 0 0 0 0 1514 0 1536 0 1554 0 0 0 0 0 0 0 0 0 0 0 0 0 0 0 1535 
0 0 0 0 0 0 0 0 0 0 0 0 0 0 0 0 0 0 1523 0 0 0 0 0 0 0 0 0 0 0 0 0 0 0 0 0 0 0 0 1542 0 0 0 0 0 0 0 0 0 1537 0 0 0 0 0 0 0 0 0 0 0 0 0 0 0 0 0 1535 0 0 0 0 0 0 0 0 0 0 0 0 0 0 0 0 0 0 0 1540 0 0 0 0 0 0 0 0 0 0 0 0 
0 0 0 0 0 0 0 0 0 0 0 0 0 0 0 0 0 0 0 0 0 0 0 0 0 1528 0 0 0 0 0 0 0 0 0 0 0 0 0 1547 0 0 0 0 0 0 0 0 1524 0 0 0 0 0 0 0 0 0 0 0 0 0 0 0 0 1511 0 0 0 0 0 0 0 0 0 0 0 0 0 0 0 0 0 0 0 0 0 0 0 0 0 0 0 0 0 0 0 0 0 0 
0 0 0 0 0 0 1532 0 0 0 0 1540 0 0 0 0 0 0 0 0 0 0 0 0 0 0 0 0 0 0 0 0 0 0 0 0 0 0 0 0 0 0 0 0 0 0 1512 0 0 1523 1528 1552 0 0 0 0 0 0 0 0 0 0 0 0 0 0 0 0 1516 0 0 0 0 0 0 0 0 0 0 0 0 0 0 0 0 0 0 0 0 0 0 0 0 0 0 0 0 0 0 0 
0 0 0 0 1522 0 0 0 0 0 0 0 0 0 0 0 0 0 1532 0 0 0 0 0 0 0 0 0 0 0 0 0 0 0 0 0 0 0 0 0 0 0 0 0 0 0 1538 0 0 0 0 0 0 0 0 0 0 0 0 0 0 0 0 0 0 0 0 0 0 0 0 0 0 0 0 0 0 0 0 0 0 0 0 0 0 0 0 0 0 0 0 0 0 0 0 1518 0 0 0 0 
0 0 1538 0 0 0 0 0 0 0 0 0 1526 0 1536 0 0 0 0 0 0 0 0 0 0 0 0 0 0 0 0 0 0 0 0 0 0 0 0 0 0 0 1535 0 0 0 0 0 0 0 1541 1552 0 0 0 0 0 0 0 0 0 0 0 0 0 0 0 0 0 0 0 0 0 0 0 0 0 0 0 0 0 0 0 0 0 0 0 0 0 0 0 0 0 0 0 0 0 0 0 0 
0 0 0 0 0 0 0 0 0 0 0 0 0 0 0 0 0 0 0 0 0 1552 0 0 0 0 0 0 0 0 0 0 0 0 0 0 0 0 0 0 0 0 0 1519 0 0 0 0 0 1556 0 0 0 0 0 0 0 0 0 0 0 0 0 0 0 0 0 0 0 0 0 0 0 0 0 0 0 0 0 0 0 0 0 0 0 0 0 0 0 0 0 0 0 0 0 0 0 0 0 0 
0 0 0 0 0 0 0 0 0 0 0 0 0 0 0 0 0 0 0 0 0 0 0 0 0 0 0 0 0 0 0 0 0 0 0 0 0 0 0 0 0 0 0 0 0 0 0 0 0 0 0 0 0 0 0 0 0 0 0 1512 0 0 0 0 0 0 0 0 0 0 0 1528 0 0 0 0 0 0 0 0 0 0 0 0 0 0 0 0 0 0 0 0 0 0 0 1544 0 0 0 0 
0 0 0 0 0 0 0 0 0 0 0 0 0 0 0 0 0 0 0 0 0 0 0 0 0 0 0 0 0 0 0 0 1545 0 0 0 0 1513 0 0 0 0 0 0 0 0 0 0 0 1556 0 0 0 0 0 0 0 0 0 0 0 0 0 0 0 0 0 0 0 0 1551 0 0 0 0 0 0 0 0 0 0 0 0 0 0 0 0 0 0 0 0 0 0 0 0 0 1519 0 0 0 
0 0 0 0 0 0 0 0 0 0 0 0 0 0 0 0 0 0 0 0 0 0 0 0 0 0 0 0 0 0 1555 0 0 0 0 0 0 0 0 0 0 0 0 0 0 0 0 0 0 1530 0 0 0 0 0 0 0 0 0 0 0 0 0 0 0 0 0 0 0 1535 0 0 0 0 0 0 0 0 0 0 0 0 0 0 0 0 0 0 0 0 0 0 0 0 0 0 0 0 0 0 
0 0 0 0 0 0 0 0 0 0 0 0 0 0 0 0 0 0 0 1524 0 0 0 0 0 0 0 0 0 0 0 0 0 0 0 0 0 0 0 0 0 0 0 0 0 0 0 0 0 0 0 0 0 0 0 0 0 0 0 0 0 0 0 0 0 0 0 0 0 0 1520 0 0 1522 0 0 0 0 0 0 0 0 0 0 0 0 0 0 0 0 0 0 0 0 0 0 0 0 0 0 
0 0 0 0 1518 0 0 0 1520 0 0 0 0 0 0 0 0 0 1518 0 0 0 0 0 0 0 0 0 1519 0 0 0 0 0 0 0 0 0 0 1558 1523 0 0 0 0 0 0 0 0 1542 0 1515 0 0 0 0 0 0 0 0 0 0 0 0 0 0 0 0 0 0 0 0 0 0 0 0 0 0 0 0 0 0 0 1545 0 0 0 0 0 0 0 0 0 0 0 0 0 0 0 0 
0 0 0 0 0 0 0 0 0 0 0 0 0 0 0 0 0 0 0 0 0 0 0 0 0 0 0 0 0 0 0 0 0 0 0 0 0 0 0 0 0 0 0 0 0 0 0 0 0 0 0 0 1518 0 0 0 1535 0 0 0 0 0 0 0 0 0 0 1530 0 0 0 0 0 0 0 0 0 0 0 0 0 0 0 0 0 0 0 0 0 0 0 0 0 0 0 0 0 0 0 0 
0 0 0 0 0 0 0 0 0 0 0 0 0 0 0 0 0 0 0 0 0 0 0 0 0 0 0 1511 0 0 0 0 0 0 0 0 0 0 1547 0 0 0 0 0 0 0 0 0 0 0 0 0 0 0 0 0 0 0 0 0 0 0 0 0 0 0 0 0 0 0 1550 0 1547 0 0 0 0 0 0 0 0 0 0 1558 0 0 0 0 0 0 0 0 1529 0 0 0 0 0 0 0 
0 0 0 0 0 0 0 0 0 0 0 0 0 0 0 0 0 0 0 0 0 0 0 0 0 0 0 0 0 0 0 0 0 0 0 0 0 0 0 0 0 0 0 0 0 0 0 0 0 0 0 1516 0 0 0 0 0 0 0 0 0 0 0 0 0 0 0 0 1533 0 0 0 0 0 0 0 0 0 0 0 0 0 0 0 0 0 0 0 0 0 0 0 1517 0 0 0 0 0 0 0 
0 0 1556 0 0 0 0 0 0 1525 1513 1532 1554 0 0 0 0 0 0 0 0 0 0 0 0 0 0 0 0 0 0 0 0 0 0 1555 0 0 0 0 1511 0 0 0 0 0 0 0 0 0 0 0 0 0 0 0 0 0 0 0 0 0 0 0 0 0 0 0 0 0 0 0 0 0 1533 0 0 0 0 0 1512 0 0 1546 0 0 0 0 0 0 0 0 0 0 0 0 0 0 0 0 
0 0 0 0 0 0 0 0 0 0 0 0 0 0 0 0 0 0 0 0 0 0 0 0 0 0 0 0 0 0 0 0 0 0 1521 0 0 0 0 0 0 0 0 0 0 0 0 0 0 0 0 0 0 0 0 0 0 0 0 0 0 0 1514 0 0 0 0 0 0 0 0 0 0 0 0 0 0 0 0 0 0 0 0 0 0 0 0 0 0 0 0 0 1531 0 0 0 0 0 0 0 
0 0 0 0 0 0 0 1527 0 0 0 0 0 0 0 0 0 0 0 0 0 0 0 0 0 0 0 0 0 0 0 0 0 0 0 0 0 0 0 0 0 0 0 0 0 0 0 0 0 0 1543 0 0 0 0 0 0 0 0 0 0 0 0 0 0 0 0 1544 0 0 0 0 0 0 0 0 0 0 0 0 0 0 0 0 0 0 0 0 0 0 0 0 0 0 0 0 0 0 0 0 
0 0 0 0 0 0 0 0 0 0 0 0 0 0 0 0 0 0 0 0 0 0 0 0 0 0 0 1532 0 0 0 0 0 0 0 0 0 0 0 0 0 0 0 0 0 0 0 0 0 0 0 0 0 0 0 0 0 0 0 0 0 0 0 0 0 0 0 0 0 0 0 0 0 0 0 0 0 0 0 0 0 1530 0 0 0 0 0 1549 0 0 0 0 0 0 0 0 0 0 0 0 
0 1532 0 0 0 0 0 0 0 0 0 0 0 0 0 0 0 0 0 0 0 0 0 0 0 0 0 0 0 0 0 0 1528 0 0 0 0 0 0 0 0 0 0 0 1559 0 0 0 0 1538 0 0 0 0 1546 0 0 0 0 0 1527 1527 0 0 0 0 0 0 0 0 0 0 0 0 0 0 0 1558 0 0 0 0 0 0 1558 0 0 0 0 0 0 0 0 0 0 0 1514 0 0 0 
0 0 0 0 0 0 0 0 0 0 0 0 0 0 0 0 0 0 0 0 1547 1549 0 0 0 0 0 0 0 0 1521 0 0 0 0 0 0 0 0 0 0 0 0 0 0 0 0 0 0 1518 1529 0 0 0 0 0 0 0 0 1551 0 1533 0 0 0 0 0 0 0 1548 0 0 0 0 0 0 0 0 0 0 0 1545 0 0 1510 0 0 0 0 0 0 0 1544 0 0 0 0 0 0 0 
0 0 0 1525 0 0 0 0 0 0 0 0 0 0 0 0 0 0 0 0 0 0 0 0 0 0 0 0 0 0 1532 0 0 0 1511 0 0 0 0 0 0 0 0 0 0 0 0 0 0 0 0 0 0 0 0 0 0 0 0 0 0 0 0 0 0 0 0 0 0 0 0 0 0 0 0 0 0 0 0 0 0 0 0 1515 0 1510 0 0 0 0 0 0 0 0 0 0 0 0 0 0 
0 0 0 0 0 0 0 0 0 0 0 0 0 0 0 0 0 0 0 0 0 0 0 0 0 0 0 0 0 0 0 0 0 0 0 0 0 0 0 0 0 0 0 0 0 0 0 0 0 0 1523 0 0 0 0 0 0 0 0 1543 0 0 0 0 0 0 0 0 0 1515 0 0 0 0 0 0 0 0 0 0 0 0 0 0 0 0 0 0 0 1545 0 0 0 0 0 0 0 0 0 0 
0 0 0 0 0 0 0 0 0 0 0 0 0 0 0 0 0 0 0 0 0 0 0 0 1516 0 0 0 0 0 0 0 0 0 0 0 0 0 0 0 0 0 0 0 0 0 0 0 1541 1535 0 0 0 0 0 0 1513 0 0 0 0 0 0 0 0 0 0 1550 0 0 1537 0 0 0 0 0 0 0 0 0 0 0 0 0 0 0 0 0 1546 0 0 1518 0 0 0 0 0 0 0 0 
0 0 0 0 0 0 0 1512 0 0 0 0 0 0 0 0 0 0 0 0 0 0 0 0 0 1552 0 0 0 0 0 0 0 0 0 0 0 0 0 0 0 0 0 0 0 0 0 0 0 1550 0 1537 0 0 0 0 0 0 0 0 0 0 0 0 0 0 0 0 0 0 1517 0 0 0 1549 0 0 0 0 0 0 0 0 1547 0 1511 0 1514 0 0 0 0 1532 0 0 0 0 1557 0 0 
0 0 0 0 0 0 0 0 0 0 0 0 0 0 0 0 0 0 0 0 0 0 0 0 0 0 0 0 0 0 0 0 0 0 0 0 0 0 1555 0 0 0 0 0 0 0 0 0 0 0 0 0 0 0 0 0 0 0 0 0 1522 0 0 0 0 0 0 0 0 0 0 0 0 0 0 0 0 0 0 0 0 0 0 0 0 1538 0 0 0 0 0 0 0 0 0 0 0 0 0 0 
0 0 0 0 1547 0 0 0 0 0 0 0 0 0 0 0 0 0 0 0 0 0 0 0 0 0 0 0 0 0 0 0 0 0 0 0 0 0 0 0 0 0 0 0 0 0 0 0 0 0 0 0 0 0 0 0 0 0 0 0 0 0 0 1531 0 0 0 0 0 0 0 0 0 0 1554 0 0 0 0 0 0 1559 0 0 0 0 0 0 0 0 0 0 0 0 0 0 0 0 0 0 
0 0 0 0 0 0 0 0 0 0 0 0 0 0 0 0 0 0 0 0 0 0 1520 1527 0 0 0 0 0 0 0 0 0 0 0 0 0 0 0 0 0 0 0 0 0 0 0 0 0 1536 0 0 0 0 0 0 0 0 0 0 0 0 0 0 0 0 0 0 0 0 0 0 0 0 0 0 0 0 0 0 0 0 0 0 0 0 0 0 0 0 0 0 0 0 0 0 0 0 0 0 
0 0 0 0 0 0 0 0 0 0 0 0 0 0 0 0 0 0 0 0 0 0 0 0 0 0 0 0 0 0 0 0 0 0 0 0 0 0 0 0 0 0 0 0 0 0 0 0 0 0 0 0 0 1511 0 0 0 0 0 0 0 0 0 0 0 0 0 0 0 0 0 1532 0 0 0 0 0 0 0 0 0 0 0 1522 0 0 0 0 0 0 0 0 0 0 0 0 0 0 0 1558 
0 0 0 0 0 0 0 0 0 0 0 0 0 0 0 0 0 0 0 0 0 1551 0 0 0 0 0 0 0 0 0 0 0 0 0 0 0 0 0 0 0 0 1514 0 0 0 0 0 0 1537 0 1551 0 0 0 0 0 0 0 0 0 0 0 0 0 0 0 0 0 0 0 0 0 0 0 0 0 0 0 0 0 0 0 0 0 0 0 0 0 0 0 0 0 0 0 0 0 0 0 0 
0 1524 0 0 0 0 0 0 1558 1531 1530 0 1558 1527 0 1558 0 1532 0 1512 1517 0 1529 0 0 1536 0 1558 1532 0 1528 0 0 0 0 0 0 0 1554 1549 0 0 1559 1544 0 0 1523 0 1537 0 1550 0 1550 0 1537 0 0 0 0 0 1512 0 0 0 0 1559 0 1545 0 1528 1558 0 0 1519 0 0 0 0 1523 1542 0 0 0 1520 0 1539 1520 1528 0 0 0 1541 0 1530 0 0 0 0 1540 0 
0 1539 0 0 0 0 0 0 1523 0 0 0 0 0 1529 0 1534 1523 1510 0 0 0 1518 0 1533 0 0 0 0 0 0 0 0 0 0 0 1513 0 0 1550 0 1546 0 0 0 0 0 0 0 1528 0 0 0 1539 0 0 1558 0 0 0 0 0 1527 0 0 0 0 1513 1548 0 1522 0 0 0 0 0 0 0 1533 0 0 0 0 1553 0 0 0 0 0 0 0 0 0 0 0 0 0 0 0 0 
0 0 0 0 0 0 0 1556 0 0 0 0 0 0 0 0 0 0 0 0 0 0 1557 0 1553 0 0 0 0 0 1515 0 0 1537 0 0 0 0 0 0 0 0 0 1557 0 0 0 0 1528 0 0 0 0 0 0 0 0 0 0 0 0 0 0 0 0 0 1528 0 0 0 0 0 0 0 0 0 0 0 0 0 0 0 0 1555 0 0 0 0 1514 0 0 0 0 0 0 0 0 0 0 0 
0 1558 0 0 0 0 0 1523 0 0 0 0 0 0 0 1554 0 0 0 0 0 0 0 0 0 0 0 0 0 0 0 1527 0 0 0 0 0 0 0 0 0 0 0 0 0 0 0 0 0 1544 0 0 0 0 0 0 0 0 0 0 0 0 0 0 0 0 1535 0 0 0 0 0 0 1553 0 0 0 0 0 0 0 0 0 0 0 0 0 0 0 0 1556 0 0 0 0 0 0 0 0 0 
0 0 0 0 0 0 0 0 0 0 0 0 0 0 0 0 0 0 0 0 0 0 0 0 0 0 0 0 0 0 0 0 0 0 0 0 0 0 0 0 0 0 0 0 0 0 0 1518 0 0 1520 0 0 0 0 0 0 0 0 0 0 0 0 0 0 0 0 1525 1558 0 0 0 0 0 0 0 0 0 0 0 0 0 0 0 0 0 0 0 0 0 0 0 0 0 0 0 0 0 0 0 
0 1551 0 0 0 0 0 0 0 0 0 0 0 0 0 0 0 0 0 0 0 0 0 0 0 0 0 0 0 0 0 0 0 0 0 0 0 0 1515 0 0 0 0 0 0 0 0 0 0 1551 0 0 0 0 0 0 0 0 0 0 0 0 0 1524 1529 0 0 0 0 0 0 0 0 0 0 0 0 0 0 1534 0 0 0 0 0 0 0 0 0 0 0 0 0 1529 0 0 0 0 0 0 
0 0 0 0 0 0 0 0 0 0 0 0 0 0 0 0 0 0 0 0 0 0 0 0 0 0 0 0 0 0 0 0 0 0 0 0 0 0 0 0 0 0 0 0 0 0 0 0 0 0 0 0 0 0 0 0 0 0 0 0 0 0 0 0 0 0 0 0 0 0 0 0 0 1552 0 0 0 0 0 0 0 0 0 0 0 0 0 0 0 0 0 0 1536 0 0 0 0 0 1558 0 
0 0 0 0 0 0 0 0 0 0 0 0 0 0 1540 0 0 0 0 1557 0 0 0 0 0 0 0 0 0 0 0 1549 0 0 0 0 0 0 0 0 0 0 1537 0 0 0 0 0 0 0 1555 0 0 0 0 0 0 0 0 0 0 0 0 0 0 0 0 0 0 0 0 0 1552 0 0 0 0 1555 0 0 0 0 0 0 0 0 0 0 0 0 0 0 0 0 0 0 0 0 1553 0 
0 1549 0 0 0 0 0 0 0 0 0 0 0 0 0 0 0 0 0 0 0 0 0 0 0 0 0 0 0 0 0 0 0 0 0 0 0 0 0 0 0 0 0 0 0 0 0 0 0 0 0 0 0 0 0 0 0 0 0 1554 0 0 0 0 0 0 0 0 0 0 1553 0 0 0 0 0 0 0 0 0 0 0 0 0 0 0 0 0 0 0 0 0 0 0 0 0 0 0 0 0 
0 0 0 0 0 0 0 0 0 0 0 0 0 0 0 0 0 0 0 0 0 0 0 0 0 0 0 0 0 0 0 0 0 0 0 0 0 0 0 0 0 0 0 0 0 0 0 0 0 0 0 0 0 0 0 0 0 0 0 0 0 0 0 0 0 0 0 1512 0 0 0 0 1530 0 0 0 0 0 0 0 0 0 0 0 0 0 0 0 0 0 0 0 0 0 0 1558 0 0 0 0 
0 0 0 0 0 0 0 0 0 0 0 0 0 0 0 0 0 0 0 1519 0 0 0 0 0 0 1556 0 0 0 0 0 0 0 0 0 0 0 0 1525 0 1519 0 0 0 0 0 0 0 0 0 0 0 0 0 0 0 1529 0 0 0 0 0 0 0 0 0 0 0 0 1555 0 0 0 0 0 0 0 0 0 0 0 0 0 0 0 0 0 0 0 1518 0 0 0 0 0 0 0 0 0 
0 0 0 0 0 0 0 0 0 0 0 0 0 0 0 0 0 0 0 0 0 0 0 0 0 0 0 0 0 0 0 0 0 0 0 0 0 0 1528 0 0 0 0 0 1526 0 0 0 0 1516 0 0 0 0 0 0 0 0 0 0 0 0 0 0 0 0 0 0 0 0 1533 0 0 0 0 0 1549 0 0 0 0 0 0 1535 0 0 0 0 0 0 0 0 1543 0 0 0 0 0 0 0 
0 0 0 0 0 0 0 0 0 0 0 0 0 0 0 0 0 0 0 0 0 0 0 0 0 0 0 0 0 0 0 0 0 0 0 0 0 0 1541 1541 0 0 0 0 0 0 0 0 0 0 0 0 0 0 0 0 0 0 0 0 0 0 0 0 0 0 0 0 0 0 0 0 0 0 0 0 0 0 0 0 0 0 0 1531 0 0 0 0 0 0 0 0 0 0 1549 0 0 0 0 0 
0 1531 0 0 0 0 0 0 0 0 0 0 0 0 0 0 0 0 0 0 0 0 0 0 0 0 0 0 0 0 0 0 0 0 0 1515 0 0 0 0 0 0 0 0 0 0 0 0 0 0 1519 0 0 0 0 0 0 0 0 0 0 0 0 0 0 0 0 0 0 0 0 0 0 0 0 0 0 0 0 0 1529 0 0 1551 0 0 0 0 0 0 0 0 0 0 0 0 0 0 0 0 
0 0 0 1549 0 0 0 0 0 0 0 0 0 0 0 0 0 0 0 1549 0 0 0 0 0 0 0 0 0 0 0 0 0 0 0 0 0 0 0 0 0 0 0 0 0 1556 0 0 0 0 0 0 0 0 1548 0 0 0 0 0 0 0 0 0 0 0 0 0 0 0 0 0 0 0 0 0 0 0 0 0 0 0 1522 0 0 0 0 0 0 0 0 0 0 0 0 0 0 0 0 0 
0 0 0 0 0 0 0 0 0 0 0 0 0 0 0 0 0 0 0 0 0 0 0 0 0 0 0 0 0 0 0 0 0 0 0 0 0 0 0 0 0 0 0 0 0 0 0 0 0 0 0 0 0 0 1525 0 0 0 0 0 0 0 0 0 0 0 0 0 0 0 0 0 0 1517 0 0 0 0 0 0 0 0 0 0 0 0 0 0 0 0 0 0 0 0 0 0 0 0 0 0 
0 0 0 0 0 0 0 0 0 0 0 0 0 0 0 0 0 0 0 0 0 1557 0 0 0 0 0 0 0 0 0 0 0 0 0 0 0 0 0 0 0 0 0 0 0 0 0 0 0 1557 0 0 0 0 0 0 0 0 0 0 0 0 0 0 0 0 0 0 0 0 0 0 0 0 0 0 0 0 0 0 0 0 0 0 0 0 0 0 0 0 0 0 0 0 0 0 0 1520 0 0 
0 0 0 0 0 0 0 0 0 0 0 0 0 0 0 0 0 0 0 0 0 0 0 0 0 0 0 0 0 0 0 0 0 0 0 0 0 0 0 0 0 0 0 0 0 0 0 0 0 0 0 1538 1513 0 0 0 0 0 0 0 0 0 0 0 0 0 0 0 0 0 0 0 0 0 0 0 0 0 0 0 0 0 0 0 0 0 0 0 0 0 0 0 0 0 0 0 0 0 0 0 
0 0 0 0 0 0 1551 0 0 0 0 0 0 0 0 0 0 0 0 0 1542 0 0 0 0 0 0 0 0 0 0 1520 0 0 0 0 1525 0 0 0 0 0 1511 0 0 0 0 0 0 1540 1543 0 0 1559 0 0 0 0 1530 0 0 0 0 0 0 0 0 0 0 0 0 0 0 0 0 0 0 0 0 0 0 0 0 0 0 0 0 0 0 0 0 0 0 0 0 0 0 1546 0 0 
0 0 0 0 0 0 0 0 0 0 0 0 0 0 0 0 0 0 0 0 0 0 1523 0 0 0 0 0 0 0 0 0 0 1536 0 0 0 0 0 0 0 0 0 0 0 0 0 0 0 0 1552 0 0 1555 0 0 0 0 0 0 0 0 0 0 0 0 0 0 0 0 0 0 0 1518 0 0 0 0 0 0 0 0 0 0 0 0 0 0 0 0 0 0 0 0 0 0 0 0 0 0 
0 0 0 0 0 0 0 0 0 0 0 0 0 0 0 0 1532 0 0 0 0 0 0 0 0 0 0 0 1542 0 0 0 0 0 0 0 0 0 0 1522 0 1547 0 0 0 0 0 0 0 1549 0 0 0 0 0 0 0 0 0 0 0 0 0 0 0 0 0 0 0 0 0 0 0 0 0 1520 0 0 0 0 0 0 0 0 0 0 0 0 0 0 0 0 0 0 0 0 0 0 0 0 
0 0 0 0 0 0 0 0 0 0 0 0 0 0 0 0 0 0 0 0 0 0 0 0 0 0 0 1513 0 1515 0 0 1530 0 0 0 0 0 0 0 0 0 1512 1555 0 0 0 0 0 1543 1541 0 0 0 0 0 0 1556 0 1526 1522 0 0 0 0 0 0 0 0 0 0 0 0 1551 0 0 1544 0 0 0 0 1546 0 0 0 0 0 1527 0 0 0 1544 1525 0 0 0 0 0 0 0 
0 1518 0 0 0 1522 0 0 0 0 0 0 0 0 0 0 0 0 0 1556 0 0 0 0 0 0 1548 0 0 0 0 0 0 0 0 0 0 0 0 0 0 0 0 0 0 0 0 1510 0 0 0 0 0 0 0 0 0 0 0 0 0 0 0 0 0 0 0 0 0 0 0 0 0 0 0 0 0 0 0 0 0 0 0 0 0 0 0 0 0 0 0 0 1552 0 0 0 0 0 0 0 
0 0 0 0 0 0 0 0 0 0 0 0 0 0 0 0 0 0 0 1528 0 0 0 0 0 0 0 0 0 0 0 0 1536 0 0 0 0 0 0 0 0 0 0 0 0 0 0 0 0 0 0 0 0 0 0 0 1512 0 1536 0 0 0 0 0 0 0 0 0 0 0 0 0 0 0 0 0 0 0 0 0 0 0 0 0 0 0 0 0 0 0 0 0 0 0 0 0 0 0 0 0 
0 0 0 0 0 0 0 0 0 0 0 0 0 0 0 0 0 0 0 1521 0 0 0 0 0 0 0 0 0 1526 0 0 0 0 0 0 0 0 0 0 0 0 0 0 0 0 0 0 0 1521 0 0 1545 0 0 1543 0 0 0 0 0 0 0 0 1518 0 0 0 1513 0 1523 0 0 0 0 0 0 1522 0 0 0 0 0 1513 0 0 0 0 0 0 0 0 0 1558 0 0 0 0 0 0 
0 0 0 0 0 0 0 0 0 0 0 0 0 0 0 0 0 0 0 0 0 0 0 0 0 0 0 0 0 0 0 0 0 0 1526 0 0 0 0 0 0 0 0 1511 0 1546 0 0 0 0 0 0 0 0 0 0 0 0 0 0 0 0 0 0 0 0 0 0 0 0 0 0 0 0 0 0 0 0 0 0 0 0 0 1526 0 0 0 0 0 0 0 0 0 0 0 0 0 0 0 0 
0 0 0 0 0 0 0 0 0 0 0 0 0 0 0 0 1528 0 1552 0 0 0 0 0 0 0 0 0 0 0 0 0 0 0 0 0 0 0 0 0 0 0 0 0 0 0 0 0 0 0 0 0 0 0 0 0 0 0 0 0 0 0 0 0 0 0 0 0 0 1541 0 0 0 0 0 0 0 0 0 0 0 0 0 0 0 0 0 0 0 0 0 0 0 0 0 0 1523 0 0 0 
0 1541 1533 0 0 0 0 0 0 0 0 0 0 0 0 0 0 0 0 0 0 0 0 0 0 0 0 0 0 0 0 0 0 0 0 0 0 0 0 0 0 0 0 0 0 0 0 0 0 0 0 0 0 0 0 0 0 0 0 0 1535 0 0 0 0 0 0 0 0 0 1516 0 0 0 0 0 0 0 0 0 0 0 0 0 0 0 0 0 0 0 0 0 0 0 0 0 0 0 0 0 
0 0 0 0 0 0 0 0 0 0 0 0 0 0 0 0 0 0 0 0 0 0 0 0 0 0 0 0 0 0 0 0 0 0 0 0 0 0 1529 0 0 0 0 0 0 0 0 0 0 0 0 0 0 0 0 0 1554 0 0 0 0 0 0 0 0 0 0 0 0 0 0 0 0 1549 0 0 0 0 0 0 0 0 0 0 0 0 0 0 0 0 0 0 0 0 0 0 0 0 0 0 
0 0 0 0 0 0 0 0 0 1522 0 0 0 0 0 0 0 0 0 0 0 0 0 0 0 0 0 0 0 0 0 0 0 0 0 0 0 0 0 0 0 0 0 0 0 0 0 0 0 1510 1558 0 0 0 0 0 0 0 0 0 0 0 0 0 0 0 0 0 0 0 0 0 0 0 0 0 0 0 0 0 0 0 0 0 0 0 0 0 0 0 0 0 0 0 0 0 0 0 0 0 
0 0 0 0 0 0 0 0 0 0 0 0 0 0 0 0 0 0 0 1537 0 0 0 0 0 0 0 0 0 0 0 0 0 0 0 0 0 0 0 0 0 0 0 0 0 0 0 0 0 1529 0 0 0 0 1525 0 0 0 0 0 0 0 0 0 0 0 0 0 0 0 0 0 0 0 0 0 0 0 0 0 0 0 0 0 0 0 0 0 0 0 0 0 0 0 0 0 0 0 0 0 
0 0 0 0 0 0 0 0 0 0 0 0 0 0 0 0 0 0 0 0 0 0 0 0 0 0 0 0 0 0 0 0 0 0 1522 0 0 0 0 0 0 0 0 0 0 0 0 0 0 0 0 0 0 0 0 0 0 0 0 0 0 0 1556 0 0 0 0 0 0 0 0 0 0 0 0 0 0 0 0 0 0 0 0 0 0 0 0 0 0 0 0 0 0 1516 0 0 0 0 0 0 
0 0 0 0 0 0 0 0 0 0 0 0 0 0 0 0 0 0 0 1544 0 0 0 0 0 0 0 0 0 0 0 0 0 0 0 0 0 1533 0 1546 0 0 0 0 0 1527 0 0 0 0 0 0 0 0 0 0 0 0 0 0 0 0 0 0 0 0 0 0 0 0 1538 0 0 0 0 0 0 0 0 0 0 0 0 0 0 0 0 0 0 0 1558 0 0 0 0 0 0 0 1518 0 
0 0 0 0 0 0 0 0 0 0 0 0 0 0 0 0 0 0 0 0 0 0 0 0 0 0 0 0 0 0 0 0 0 0 0 0 0 0 0 0 0 0 0 0 0 0 0 0 0 0 0 0 0 0 0 0 0 0 0 0 0 0 0 1524 0 0 0 0 0 0 0 0 0 0 0 0 0 0 0 0 0 0 0 0 1522 1551 0 0 0 0 0 0 0 0 0 0 0 0 0 0 
0 0 0 0 0 1539 0 0 0 0 0 0 0 0 0 1522 0 0 0 1512 0 0 0 0 0 0 0 0 0 0 1559 0 1519 0 1547 0 0 0 0 0 1554 0 0 1512 0 0 0 1526 0 1517 1558 1554 0 0 0 0 0 0 0 0 1541 1535 1557 0 0 0 0 0 0 0 0 0 0 1518 1538 0 0 0 0 0 0 0 0 0 0 0 0 0 0 0 0 0 0 0 0 1547 0 0 0 0 
0 0 0 1558 0 0 0 1516 0 0 0 0 0 0 0 0 0 0 0 0 0 0 0 0 0 0 0 0 0 0 0 0 0 0 0 0 0 0 1550 1528 0 0 0 0 0 0 0 0 0 0 0 0 0 0 0 0 0 0 0 0 0 0 0 0 0 0 0 0 0 0 0 0 0 0 0 0 0 0 0 0 0 0 1546 0 0 0 0 0 0 0 0 0 0 0 0 0 0 0 0 0 
0 1517 0 0 0 0 0 0 0 0 0 1542 0 0 0 0 1528 0 0 0 0 0 0 0 0 0 0 0 0 0 0 0 0 0 0 0 0 0 0 0 1537 0 0 1522 1514 0 0 0 0 1554 0 0 0 0 0 0 0 0 0 0 0 0 0 0 0 0 0 0 0 0 0 0 0 0 0 0 0 0 0 0 0 0 1513 0 0 0 0 0 1511 1541 0 0 0 0 0 0 0 1511 0 0 
0 0 0 0 0 0 0 0 0 1527 0 0 0 0 0 0 0 0 0 0 0 0 0 0 0 0 0 0 0 0 0 0 0 0 0 0 0 0 0 0 0 0 0 0 0 0 0 0 0 1522 0 0 0 0 0 0 0 0 0 0 0 0 0 0 0 0 0 0 0 0 0 0 0 0 0 0 0 0 0 0 0 0 0 0 0 0 0 0 0 0 0 0 0 0 0 0 1520 0 0 0 
0 0 0 0 1543 0 0 0 0 0 0 0 0 0 0 0 0 0 0 0 1559 0 0 0 0 0 0 0 0 0 0 0 0 0 0 0 0 1528 0 0 0 0 0 1557 0 0 0 0 0 1550 0 0 0 0 0 0 0 0 0 0 0 0 0 0 0 0 0 0 0 0 1546 0 0 0 0 0 0 0 0 0 0 0 0 0 0 0 0 0 0 0 0 0 0 0 0 0 0 0 0 0 
0 0 0 0 0 0 0 0 0 0 0 0 0 0 0 0 0 0 0 0 0 0 0 0 0 0 0 0 0 0 0 0 0 0 0 0 0 0 0 0 0 0 1528 0 0 0 0 0 0 0 0 1521 0 0 0 0 0 0 0 0 0 0 0 0 0 0 0 0 0 0 0 0 0 0 0 0 0 0 0 0 0 0 0 0 0 1517 0 0 0 0 0 0 0 0 0 0 0 0 0 0 
0 0 0 0 0 0 0 0 0 0 0 0 0 0 0 0 0 0 0 0 0 0 0 0 0 0 0 0 0 0 0 0 0 0 0 0 0 0 0 0 0 1537 0 0 0 0 0 0 0 0 0 0 0 0 0 0 0 0 0 0 0 0 0 0 0 0 0 0 0 0 0 0 0 0 0 0 0 0 0 0 0 0 0 0 0 1552 0 0 0 0 0 0 0 1513 0 0 0 0 0 0 
0 0 0 0 0 0 0 0 0 0 0 0 0 0 0 0 0 0 0 0 0 0 0 0 0 0 0 0 0 0 0 0 0 0 0 0 0 0 0 0 0 0 0 0 0 0 0 0 0 0 0 0 1534 0 0 0 0 0 0 1533 0 0 0 0 0 0 0 0 0 0 0 0 0 0 0 0 0 0 0 0 0 1555 0 0 0 0 0 0 0 0 0 0 0 0 0 0 0 0 0 0 
0 0 0 0 0 0 0 0 0 0 0 0 0 0 0 0 0 0 0 0 0 0 0 0 0 0 0 0 0 0 0 0 0 0 0 0 0 0 0 0 0 0 1552 0 0 0 0 0 0 1529 0 0 0 0 0 0 0 0 0 0 0 0 0 0 0 0 0 0 0 0 1536 0 0 0 0 0 0 0 0 0 0 0 0 0 0 0 0 0 0 0 0 0 0 0 0 0 0 0 0 0 
0 0 0 0 1516 0 1518 0 0 1549 1522 0 0 1537 0 0 0 0 0 0 0 0 0 0 0 0 0 0 0 0 0 0 1510 1529 0 1537 0 0 0 1529 0 0 0 1542 0 0 0 0 0 0 0 0 0 0 0 1514 0 0 0 0 1540 0 0 0 0 0 0 0 0 0 1559 1530 0 0 0 0 0 0 0 0 0 0 0 0 0 0 0 0 0 0 0 0 0 0 0 0 0 0 0 0 
0 0 0 0 0 0 0 0 0 0 0 0 0 1526 0 0 0 0 0 0 0 0 0 0 0 0 0 0 0 0 0 0 0 0 0 0 0 0 0 0 0 0 0 0 0 0 0 0 0 1537 0 0 0 0 1511 0 0 0 0 0 0 0 0 0 0 0 0 0 0 0 0 0 0 1547 0 0 0 0 0 0 1553 0 0 0 0 0 0 0 0 1516 0 0 0 0 1530 1527 0 0 0 0 
0 0 0 0 0 0 0 0 0 0 0 0 0 0 0 0 0 0 1511 0 0 0 0 0 0 0 0 0 0 0 0 0 0 0 0 0 0 0 0 0 0 0 0 0 0 0 0 0 0 0 0 0 0 0 0 0 0 0 0 0 0 1511 0 0 0 0 0 0 0 0 0 0 0 0 0 0 0 0 0 0 0 0 0 0 0 0 0 0 0 0 0 0 0 1541 0 0 0 0 0 0 
0 0 0 0 0 0 0 0 0 0 0 0 0 0 0 0 0 0 0 0 0 0 0 1545 0 0 1521 0 0 0 0 0 0 0 0 0 0 0 0 0 0 0 0 0 0 0 0 0 0 0 0 0 0 0 0 0 0 0 1537 0 0 0 0 0 0 0 0 0 0 0 0 0 0 0 0 0 0 0 0 0 0 0 0 1541 0 0 0 0 0 0 0 0 0 1557 0 0 0 0 0 0 
0 0 0 0 0 0 0 0 0 0 0 0 0 0 0 0 0 0 0 0 0 0 0 0 0 0 0 1548 0 0 0 0 0 0 0 0 0 0 1515 0 0 0 0 0 0 0 0 0 0 0 0 0 0 0 0 0 0 0 0 0 0 0 0 0 0 0 0 0 0 0 0 0 0 0 0 1537 0 0 0 0 0 0 0 0 0 0 1549 0 0 0 0 0 0 0 0 0 0 0 0 0 
0 0 0 0 0 0 0 0 0 0 0 0 0 0 0 0 0 0 0 0 0 0 0 0 0 0 0 0 0 0 0 0 0 0 0 0 0 0 0 0 0 0 0 1537 0 0 0 0 0 0 0 0 0 0 0 0 0 0 0 0 0 0 0 0 0 1552 0 1528 0 0 0 0 0 0 0 0 0 0 0 0 0 0 0 0 0 1523 0 0 0 0 0 0 0 0 0 0 0 0 0 0 
0 0 0 0 0 0 0 0 0 0 0 0 0 0 0 0 0 0 0 0 0 0 0 0 0 0 0 0 0 0 0 0 0 0 0 0 0 0 0 0 0 0 0 0 0 0 0 0 0 1541 0 0 0 0 0 1559 1512 0 0 0 0 0 0 0 0 0 0 0 0 0 0 0 0 0 0 0 0 0 0 0 0 1517 0 0 0 0 0 0 0 0 0 0 0 0 0 0 0 0 0 0 
0 0 0 0 1537 0 0 0 0 0 0 0 0 0 0 0 0 0 0 1521 0 0 0 0 0 0 0 0 0 0 0 0 0 0 0 0 0 0 0 0 0 0 0 0 0 0 0 1559 0 0 0 0 0 0 0 0 0 0 0 0 0 0 0 0 0 0 0 0 0 0 0 0 0 0 0 0 0 0 0 0 0 0 0 0 0 0 0 0 0 0 0 0 0 0 0 0 0 0 0 0 
