1001 1679616 15618 
1000 60466176 15639 
1038 1679616 15242 
1025 10077696 15294 
1015 60466176 15407 
1012 1679616 16148 
1033 10077696 15953 
1018 362797056 15779 
1017 1679616 15858 
1004 60466176 16012 
1040 60466176 15398 
1017 362797056 16073 
1001 10077696 16175 
1024 1679616 16165 
1038 1679616 15010 
1022 362797056 15310 
1046 1679616 15197 
1006 60466176 15093 
1048 60466176 16342 
1014 362797056 16347 
1043 362797056 15638 
1048 10077696 15687 
1007 1679616 15076 
1040 60466176 15934 
1022 362797056 16486 
1007 362797056 15634 
1036 60466176 15435 
1018 60466176 15207 
1002 10077696 15481 
1036 362797056 16211 
1016 1679616 16435 
1031 1679616 15091 
1026 362797056 15408 
1001 10077696 15385 
1043 1679616 15076 
1045 362797056 15667 
1043 1679616 15672 
1003 362797056 16316 
1003 60466176 15190 
1004 362797056 15554 
1046 1679616 16425 
1025 362797056 15701 
1027 1679616 16127 
1023 60466176 15956 
1030 60466176 16420 
1011 10077696 16013 
1037 10077696 15353 
1039 362797056 15577 
1031 362797056 15584 
1036 1679616 16107 
