new 3
2 4 73 44 ;3 8 37 14 ;4 2 42 44 ;3 2 8 53 ;4 2 45 31 ;2 8 9 46 ;4 4 80 59 ;1 2 95 26 ;4 4 99 37 ;
2 ;4 8 13 49 ;1 8 79 53 ;3 8 5 33 ;4 2 25 37 ;
1 ;4 4 7 53 ;4 2 21 21 ;1 2 47 29 ;1 8 42 43 ;
new 4
1 8 49 12 ;3 8 16 11 ;4 4 45 26 ;1 8 32 34 ;4 4 34 34 ;2 4 71 43 ;4 2 45 48 ;4 8 21 27 ;
1 ;2 4 86 58 ;1 8 62 46 ;2 2 100 14 ;
2 ;4 8 9 54 ;3 4 11 25 ;2 2 58 35 ;1 8 78 36 ;
2 ;4 4 66 21 ;4 4 85 25 ;2 4 61 12 ;3 8 46 17 ;
new 2
4 4 76 49 ;4 8 32 44 ;4 2 7 51 ;2 2 80 59 ;2 8 23 40 ;2 8 39 54 ;4 2 30 50 ;2 2 49 29 ;1 8 79 14 ;2 4 10 47 ;4 2 51 36 ;
1 ;3 4 72 20 ;2 8 30 39 ;1 4 95 39 ;1 8 68 17 ;4 4 21 45 ;
new 2
2 4 70 29 ;3 8 17 50 ;3 4 20 30 ;2 8 50 25 ;2 4 29 50 ;2 8 17 57 ;4 4 98 15 ;1 4 51 47 ;2 2 8 53 ;
2 ;4 4 89 11 ;1 8 31 50 ;3 4 68 58 ;4 8 36 50 ;4 8 88 39 ;
new 3
3 4 14 43 ;1 2 77 36 ;2 4 64 23 ;3 8 76 24 ;1 2 69 59 ;4 2 69 34 ;3 4 59 17 ;2 8 37 59 ;1 4 65 58 ;3 2 64 22 ;1 4 60 28 ;4 8 12 35 ;
2 ;2 2 36 39 ;1 2 90 45 ;4 4 38 54 ;3 8 57 17 ;3 2 53 58 ;3 4 8 44 ;
2 ;4 2 95 25 ;3 2 26 56 ;1 4 28 31 ;
new 2
4 2 83 27 ;2 8 54 59 ;1 4 40 38 ;3 4 54 14 ;1 4 13 16 ;3 4 10 46 ;2 8 17 39 ;2 2 33 24 ;
1 ;1 2 29 34 ;3 2 52 47 ;3 4 62 21 ;2 4 7 32 ;
new 3
2 2 5 32 ;1 2 86 20 ;4 2 28 34 ;1 2 58 15 ;2 8 77 14 ;3 4 15 33 ;2 2 60 10 ;4 8 19 59 ;2 4 63 59 ;3 4 55 49 ;
1 ;4 4 88 45 ;4 4 50 38 ;1 2 94 30 ;2 2 79 33 ;3 8 55 38 ;2 2 26 49 ;
1 ;3 8 80 26 ;2 2 40 25 ;3 2 97 38 ;3 8 82 28 ;
new 4
1 4 28 27 ;4 4 51 30 ;2 8 38 40 ;1 4 30 18 ;2 2 24 19 ;1 8 39 46 ;4 8 19 51 ;2 2 6 35 ;1 2 9 23 ;3 8 74 53 ;3 4 33 33 ;4 4 20 34 ;2 8 23 16 ;1 8 55 25 ;
2 ;2 8 94 14 ;2 8 75 43 ;1 2 70 46 ;4 2 35 28 ;
1 ;4 8 49 22 ;3 8 86 46 ;1 2 74 18 ;1 2 62 10 ;1 4 13 15 ;3 4 83 40 ;1 4 89 23 ;4 8 52 10 ;3 4 79 18 ;
1 ;3 2 55 46 ;2 4 20 30 ;3 8 31 30 ;1 8 43 55 ;1 4 87 12 ;4 8 23 15 ;1 2 87 31 ;
new 4
1 2 62 25 ;3 4 37 24 ;1 4 71 17 ;4 2 86 52 ;3 8 7 42 ;1 4 91 51 ;4 4 30 49 ;4 4 15 24 ;2 2 66 54 ;2 4 98 29 ;3 4 59 37 ;
1 ;1 2 59 19 ;1 4 97 19 ;2 2 6 37 ;1 4 60 20 ;3 8 37 13 ;2 2 66 44 ;3 2 47 18 ;
1 ;3 2 44 19 ;2 2 32 23 ;2 2 53 50 ;4 8 21 54 ;2 4 34 50 ;4 4 66 19 ;
2 ;1 4 27 44 ;3 8 27 12 ;3 8 36 40 ;3 2 83 39 ;1 2 25 59 ;3 8 38 41 ;
new 3
3 8 20 42 ;2 2 21 37 ;1 4 63 37 ;1 8 81 41 ;4 4 81 28 ;4 4 86 34 ;3 8 36 32 ;4 8 89 20 ;4 8 72 36 ;4 8 100 38 ;4 2 31 22 ;
1 ;1 2 90 40 ;3 8 30 13 ;3 4 73 44 ;4 2 68 48 ;
1 ;2 4 76 23 ;1 8 65 43 ;3 8 72 43 ;2 4 5 23 ;
new 4
1 8 58 29 ;2 2 14 35 ;3 4 73 46 ;2 8 54 43 ;3 4 57 41 ;3 8 90 21 ;4 4 6 57 ;3 2 83 46 ;3 4 67 50 ;4 2 74 46 ;4 2 51 36 ;1 4 95 33 ;3 2 48 17 ;
1 ;3 2 35 44 ;2 8 81 29 ;3 2 72 43 ;4 2 7 51 ;
1 ;1 2 78 38 ;3 2 31 15 ;2 4 11 22 ;
1 ;3 4 65 53 ;1 2 5 28 ;2 4 94 55 ;2 2 33 14 ;1 4 40 24 ;2 8 29 20 ;3 2 52 48 ;3 4 93 46 ;4 8 90 27 ;
new 3
2 4 80 48 ;3 8 38 31 ;2 4 82 11 ;1 8 10 10 ;4 2 90 19 ;2 2 54 20 ;1 8 51 22 ;4 8 54 23 ;2 8 13 48 ;1 4 61 19 ;4 4 60 14 ;3 8 64 47 ;
2 ;4 8 89 42 ;2 4 26 54 ;1 4 100 14 ;4 2 69 14 ;1 4 5 46 ;2 8 59 39 ;3 8 64 50 ;2 4 36 52 ;
1 ;4 8 54 54 ;4 4 46 15 ;3 8 38 27 ;
new 4
2 2 25 35 ;2 8 21 37 ;4 8 23 46 ;4 2 29 22 ;2 8 66 28 ;3 8 10 40 ;3 2 64 35 ;2 8 93 40 ;1 8 12 26 ;3 8 44 18 ;1 8 54 39 ;2 8 63 46 ;3 4 32 35 ;
1 ;2 8 98 35 ;2 8 95 45 ;1 4 12 34 ;3 8 6 19 ;4 8 44 37 ;3 2 20 54 ;3 4 92 49 ;
1 ;4 2 43 16 ;2 8 49 19 ;2 4 55 23 ;2 2 45 37 ;1 2 66 11 ;4 4 43 59 ;
1 ;3 2 98 14 ;4 8 85 17 ;1 2 5 48 ;3 2 14 59 ;4 2 88 44 ;2 8 74 31 ;3 8 30 23 ;4 2 59 19 ;
new 2
2 2 61 48 ;2 2 71 29 ;2 2 13 53 ;1 4 100 12 ;2 8 47 44 ;3 8 83 36 ;2 8 43 15 ;1 2 93 21 ;3 2 76 28 ;1 8 79 50 ;2 2 35 25 ;2 2 92 20 ;
1 ;4 4 59 40 ;4 2 96 38 ;3 4 69 33 ;3 2 45 31 ;1 2 10 47 ;
new 3
2 2 53 16 ;2 4 27 11 ;3 8 88 19 ;4 8 98 14 ;4 4 42 59 ;2 2 36 27 ;2 4 41 21 ;2 8 57 33 ;1 8 37 47 ;2 2 13 18 ;4 4 37 41 ;1 4 61 46 ;
1 ;4 4 90 44 ;4 2 63 30 ;4 4 77 51 ;2 2 5 43 ;
1 ;2 4 76 50 ;2 4 21 32 ;2 8 9 44 ;
new 2
3 4 89 10 ;3 2 54 26 ;4 4 37 11 ;4 4 74 44 ;2 8 88 48 ;2 4 57 28 ;4 8 16 18 ;2 2 29 34 ;3 8 34 54 ;3 2 100 47 ;2 4 20 20 ;4 2 46 39 ;
1 ;2 4 58 31 ;3 8 16 58 ;3 2 81 47 ;2 8 45 19 ;
new 4
4 4 76 48 ;1 8 41 59 ;3 2 99 27 ;2 2 51 19 ;2 4 15 45 ;3 2 100 19 ;1 8 37 19 ;4 8 67 16 ;2 4 62 35 ;4 4 27 23 ;2 2 54 59 ;3 4 89 30 ;4 2 77 55 ;
1 ;2 4 90 22 ;4 8 18 31 ;2 2 74 45 ;3 2 98 30 ;1 4 100 33 ;2 4 12 38 ;1 8 11 53 ;2 4 77 52 ;4 8 89 13 ;
1 ;2 2 98 13 ;3 8 91 31 ;2 8 5 32 ;2 2 8 57 ;2 2 91 38 ;1 4 23 28 ;
1 ;3 2 77 20 ;1 8 27 39 ;2 4 41 15 ;4 2 24 48 ;2 8 30 26 ;
new 3
2 8 73 43 ;1 8 22 14 ;1 2 24 49 ;1 4 44 36 ;1 4 52 41 ;3 4 61 45 ;2 4 63 11 ;2 4 36 33 ;4 4 13 37 ;
1 ;3 8 20 47 ;2 8 47 20 ;3 8 98 47 ;3 8 28 43 ;3 2 18 42 ;
1 ;4 2 16 35 ;2 2 61 44 ;3 2 67 16 ;2 8 17 57 ;2 4 68 12 ;
new 2
1 8 25 17 ;2 4 70 41 ;2 8 36 33 ;3 8 72 15 ;3 8 29 11 ;3 8 15 53 ;1 4 40 36 ;4 4 89 37 ;4 2 60 17 ;1 8 55 53 ;1 4 36 13 ;4 4 14 52 ;3 8 94 43 ;2 8 55 49 ;
1 ;4 8 75 26 ;2 4 68 44 ;3 2 19 45 ;3 4 77 42 ;4 8 85 23 ;3 2 80 44 ;3 4 90 11 ;4 8 22 16 ;2 8 11 47 ;
new 4
1 8 28 34 ;2 2 6 10 ;3 8 47 32 ;1 2 67 33 ;4 8 66 22 ;4 8 52 23 ;3 8 28 58 ;4 4 16 52 ;1 8 7 54 ;
2 ;4 2 18 58 ;1 4 97 39 ;1 2 16 41 ;2 8 27 44 ;
2 ;2 4 11 56 ;2 2 33 24 ;4 2 62 59 ;1 8 78 35 ;3 4 36 51 ;
1 ;1 4 100 28 ;2 8 47 31 ;4 2 88 45 ;
new 3
2 2 35 46 ;2 8 8 53 ;3 2 64 19 ;4 2 87 29 ;1 2 27 31 ;2 8 34 44 ;4 2 46 54 ;2 4 80 12 ;3 2 44 19 ;
1 ;4 8 80 14 ;1 2 90 24 ;2 8 41 31 ;3 2 77 22 ;
1 ;4 2 49 33 ;3 2 51 34 ;1 2 18 53 ;
new 2
3 4 28 55 ;3 8 87 57 ;2 4 6 58 ;2 2 86 47 ;3 4 91 50 ;4 4 26 46 ;4 8 74 55 ;2 2 91 27 ;
1 ;4 8 71 11 ;3 4 60 32 ;2 4 7 53 ;
new 2
1 2 8 12 ;2 4 88 14 ;3 8 92 42 ;4 8 56 52 ;3 2 63 29 ;2 2 37 50 ;1 2 55 17 ;4 4 73 34 ;3 2 48 35 ;3 4 50 51 ;4 4 27 18 ;3 2 82 52 ;3 4 43 24 ;2 4 29 13 ;1 8 86 54 ;
1 ;1 2 71 41 ;4 4 92 57 ;3 4 48 30 ;
new 3
2 2 19 56 ;1 2 45 57 ;2 2 94 40 ;2 8 74 14 ;2 8 82 46 ;4 4 31 21 ;4 2 36 34 ;2 2 95 45 ;2 4 32 54 ;
1 ;3 8 51 46 ;4 8 42 52 ;2 8 11 19 ;
1 ;3 2 31 33 ;2 4 33 11 ;1 4 27 52 ;1 2 41 46 ;2 4 70 54 ;
new 2
2 4 96 36 ;2 8 30 47 ;4 4 84 53 ;1 8 6 11 ;4 2 74 57 ;1 8 66 35 ;2 4 40 32 ;1 8 47 33 ;2 4 7 40 ;2 2 66 10 ;4 4 53 54 ;
1 ;2 4 44 13 ;1 4 99 10 ;4 2 98 52 ;3 8 75 48 ;3 8 53 23 ;1 4 34 32 ;4 4 81 58 ;
new 2
1 2 75 12 ;1 4 57 56 ;1 8 59 15 ;4 4 89 35 ;3 8 46 22 ;3 8 94 30 ;3 4 74 29 ;1 4 98 38 ;1 8 59 36 ;1 4 97 47 ;3 8 78 45 ;4 4 92 20 ;2 4 88 55 ;4 2 87 38 ;
1 ;4 2 54 32 ;2 4 18 44 ;4 2 82 24 ;3 8 36 21 ;3 8 72 16 ;1 2 58 57 ;
new 3
1 8 30 30 ;3 2 77 17 ;3 2 21 43 ;3 2 92 58 ;1 4 96 26 ;4 2 24 49 ;2 4 92 16 ;1 4 72 44 ;3 4 93 59 ;2 8 40 48 ;4 8 7 27 ;
2 ;3 4 22 50 ;4 4 15 21 ;1 2 23 48 ;2 8 18 28 ;3 2 12 37 ;
1 ;3 4 32 48 ;3 8 58 16 ;1 2 5 56 ;3 2 98 34 ;4 2 17 34 ;4 4 8 27 ;
new 2
2 8 13 24 ;1 2 24 44 ;3 8 17 17 ;3 8 29 38 ;3 8 90 38 ;4 2 52 46 ;4 8 60 35 ;3 4 22 45 ;1 4 82 53 ;3 2 30 56 ;4 2 90 15 ;2 2 76 13 ;1 4 84 37 ;
1 ;2 2 19 48 ;4 4 82 27 ;1 8 84 25 ;4 4 12 23 ;2 2 96 12 ;1 2 40 28 ;3 8 51 30 ;
new 2
4 8 33 54 ;3 8 16 55 ;2 2 100 54 ;1 8 18 50 ;3 8 51 39 ;3 8 77 26 ;3 2 47 47 ;4 4 92 21 ;2 8 11 37 ;
1 ;2 2 61 44 ;3 4 91 39 ;2 4 71 47 ;
new 2
4 8 6 33 ;2 2 51 53 ;4 4 94 55 ;2 8 100 50 ;3 4 19 56 ;2 2 36 45 ;1 4 10 28 ;2 4 43 43 ;1 8 15 22 ;1 4 54 26 ;2 4 79 48 ;4 2 39 21 ;
1 ;2 4 56 27 ;3 4 95 29 ;1 8 93 13 ;3 8 100 43 ;1 4 52 39 ;2 4 27 58 ;
new 3
1 2 84 16 ;4 8 46 11 ;3 8 90 43 ;4 4 61 25 ;2 4 14 14 ;4 8 88 17 ;3 4 92 47 ;1 4 53 50 ;3 2 64 19 ;1 4 91 24 ;4 4 13 57 ;1 2 71 56 ;3 2 74 53 ;1 2 40 23 ;
1 ;3 2 22 23 ;4 2 81 43 ;3 8 80 42 ;2 2 19 29 ;4 2 87 15 ;2 4 39 57 ;1 8 85 14 ;
1 ;4 8 25 44 ;4 8 78 23 ;3 4 89 48 ;2 4 100 23 ;4 4 26 58 ;3 4 13 39 ;
new 4
1 4 86 51 ;1 8 45 26 ;3 4 19 17 ;3 4 97 11 ;4 2 20 10 ;2 4 48 57 ;3 8 68 42 ;1 8 15 19 ;3 2 99 24 ;4 4 73 47 ;4 4 5 11 ;4 4 91 58 ;
1 ;3 2 10 38 ;2 4 100 30 ;1 8 32 16 ;1 4 38 25 ;4 4 20 12 ;3 8 86 55 ;
1 ;4 2 39 45 ;1 4 27 42 ;3 2 95 31 ;1 4 51 47 ;3 8 94 37 ;
1 ;1 4 54 39 ;3 8 18 46 ;2 4 88 28 ;2 4 72 38 ;
new 2
2 2 25 28 ;4 4 41 11 ;2 8 80 19 ;2 2 80 27 ;1 4 25 32 ;1 8 59 35 ;2 8 88 24 ;3 2 61 18 ;4 2 82 17 ;
2 ;4 2 83 15 ;3 8 16 29 ;1 8 8 30 ;2 4 93 42 ;1 8 5 41 ;
new 4
1 8 11 31 ;4 4 91 58 ;4 4 51 21 ;4 2 56 35 ;3 4 40 41 ;3 2 48 30 ;1 8 63 59 ;1 2 90 12 ;1 4 17 45 ;3 2 82 47 ;2 8 61 24 ;4 4 56 21 ;1 4 35 17 ;3 8 47 27 ;
1 ;2 2 78 49 ;3 2 33 57 ;1 8 77 45 ;4 2 23 19 ;1 8 55 49 ;4 8 27 50 ;4 8 15 31 ;1 8 28 39 ;3 2 78 36 ;
1 ;2 8 53 32 ;4 4 42 22 ;2 4 31 53 ;4 8 17 34 ;2 8 72 26 ;3 8 47 17 ;4 8 35 28 ;4 8 41 45 ;1 2 37 32 ;2 8 9 59 ;
2 ;1 8 26 35 ;2 8 18 18 ;1 2 13 55 ;2 4 93 49 ;
new 2
3 4 99 28 ;2 8 89 51 ;1 4 64 59 ;1 2 37 10 ;3 4 82 29 ;4 2 92 54 ;1 4 62 51 ;1 2 38 53 ;
2 ;3 4 14 59 ;3 8 16 17 ;2 8 36 33 ;
new 4
1 8 94 10 ;4 8 11 28 ;4 2 40 58 ;1 2 82 55 ;1 4 97 58 ;4 4 62 19 ;2 8 21 39 ;2 4 43 34 ;1 4 81 49 ;1 4 58 27 ;4 2 73 16 ;4 8 15 14 ;4 2 52 27 ;
1 ;2 4 75 32 ;1 4 24 47 ;1 8 29 36 ;1 4 20 47 ;
1 ;1 8 98 43 ;3 4 86 45 ;3 8 50 49 ;1 4 36 20 ;3 4 36 20 ;1 4 97 31 ;1 8 27 46 ;4 2 18 36 ;
1 ;2 2 54 26 ;3 4 76 46 ;2 4 48 49 ;1 8 44 18 ;2 4 61 32 ;
new 3
3 8 39 51 ;3 8 23 14 ;1 4 37 23 ;2 2 89 11 ;2 2 91 17 ;2 8 97 30 ;2 8 42 35 ;1 4 73 42 ;1 2 69 14 ;
2 ;4 2 23 26 ;4 2 42 30 ;2 4 29 30 ;4 4 94 28 ;
1 ;4 2 37 58 ;1 8 31 43 ;4 8 19 16 ;
new 3
3 4 23 34 ;3 4 60 16 ;3 8 10 58 ;1 8 26 40 ;3 2 29 59 ;1 4 48 32 ;2 4 16 48 ;3 2 16 58 ;4 2 41 55 ;2 8 82 21 ;4 8 80 38 ;2 2 15 21 ;3 8 82 33 ;1 8 39 53 ;3 2 94 12 ;
1 ;4 4 46 16 ;1 2 37 57 ;2 8 16 37 ;4 4 9 16 ;1 8 60 47 ;3 4 64 40 ;2 4 71 23 ;1 2 25 15 ;4 2 91 43 ;
1 ;3 2 78 38 ;1 2 37 33 ;1 8 67 40 ;2 2 6 33 ;3 2 27 48 ;3 4 17 58 ;
new 2
1 4 29 34 ;4 4 31 19 ;2 4 60 55 ;4 4 54 42 ;4 8 69 23 ;2 8 47 39 ;3 4 58 24 ;2 8 29 11 ;
1 ;2 2 98 12 ;2 8 29 43 ;2 8 89 12 ;
new 2
1 8 51 34 ;4 8 67 23 ;1 2 45 16 ;2 4 63 48 ;3 2 45 18 ;2 2 55 16 ;1 4 42 10 ;3 4 10 53 ;3 4 14 57 ;1 2 76 12 ;
1 ;1 2 19 36 ;2 4 52 57 ;2 4 20 39 ;1 4 38 27 ;
new 2
4 8 56 38 ;1 2 40 37 ;1 4 8 26 ;3 8 16 49 ;2 4 45 54 ;3 8 22 54 ;2 4 65 37 ;3 2 23 28 ;3 8 37 38 ;3 4 21 55 ;4 4 92 27 ;4 8 53 27 ;4 4 78 14 ;2 2 34 40 ;
1 ;4 8 84 35 ;1 4 33 46 ;1 4 14 33 ;2 8 12 38 ;1 2 14 33 ;1 2 40 26 ;2 4 87 56 ;4 2 97 32 ;3 4 94 18 ;2 4 87 53 ;
new 4
2 4 38 39 ;2 4 50 37 ;4 8 64 23 ;3 4 73 56 ;4 4 67 26 ;1 2 42 19 ;3 2 69 37 ;1 8 71 21 ;
1 ;4 2 39 42 ;4 8 80 13 ;3 8 61 43 ;
1 ;2 2 20 35 ;3 2 11 34 ;2 2 24 29 ;
1 ;4 4 74 40 ;3 4 55 12 ;1 4 51 37 ;
new 3
3 8 25 31 ;3 4 23 51 ;4 4 56 16 ;1 2 84 30 ;1 4 93 51 ;4 4 20 40 ;4 4 61 32 ;1 2 48 28 ;4 2 17 20 ;4 8 66 35 ;3 8 88 59 ;4 4 75 22 ;
1 ;1 4 86 54 ;2 8 71 53 ;4 4 94 11 ;4 8 7 50 ;1 4 29 31 ;1 4 9 14 ;
2 ;3 4 37 24 ;4 4 24 23 ;3 4 75 40 ;4 8 78 48 ;1 8 28 52 ;3 4 85 54 ;4 8 78 19 ;1 8 76 26 ;
new 3
1 4 27 57 ;4 4 36 30 ;1 8 18 12 ;3 2 90 55 ;1 2 45 10 ;3 2 37 48 ;3 4 67 17 ;4 4 22 58 ;
1 ;4 2 76 10 ;2 4 78 11 ;3 2 42 18 ;1 4 10 58 ;
1 ;2 2 36 34 ;3 8 33 42 ;1 4 76 42 ;1 8 83 28 ;
new 3
4 4 60 39 ;2 8 43 44 ;4 4 100 51 ;3 8 84 25 ;3 8 80 25 ;1 8 28 42 ;4 8 75 29 ;2 8 40 52 ;4 4 84 41 ;
2 ;1 2 94 46 ;4 2 35 31 ;2 8 80 23 ;2 4 65 51 ;1 2 69 43 ;
1 ;4 2 33 28 ;4 4 55 39 ;2 8 75 22 ;4 2 76 38 ;4 4 60 36 ;
new 4
1 4 78 42 ;3 8 58 13 ;1 8 5 13 ;1 4 91 33 ;1 2 47 55 ;3 2 81 52 ;3 4 99 19 ;4 2 72 28 ;4 8 29 14 ;1 4 13 53 ;4 4 96 14 ;3 4 84 56 ;1 8 15 12 ;4 8 19 20 ;
2 ;2 4 69 52 ;3 2 57 53 ;2 8 73 19 ;4 4 80 31 ;3 4 96 29 ;4 4 15 27 ;1 8 50 10 ;1 4 77 34 ;2 4 9 28 ;1 4 7 55 ;
2 ;1 8 62 24 ;1 4 38 28 ;3 8 87 25 ;1 4 85 13 ;4 8 57 48 ;4 4 28 56 ;
1 ;2 4 78 52 ;4 8 62 15 ;3 4 32 24 ;1 8 81 55 ;
new 4
2 4 91 10 ;1 4 93 23 ;3 2 30 33 ;4 8 95 52 ;3 2 27 59 ;3 4 79 14 ;4 8 89 36 ;2 8 96 34 ;2 2 84 51 ;
2 ;4 4 61 59 ;1 4 81 46 ;4 2 24 11 ;1 8 25 46 ;2 2 29 14 ;
1 ;4 2 43 43 ;1 4 53 12 ;2 4 91 54 ;4 4 70 21 ;
2 ;3 8 93 57 ;1 2 42 33 ;4 2 96 30 ;
new 4
4 8 68 47 ;3 2 100 22 ;4 2 25 37 ;3 2 85 38 ;1 8 58 26 ;3 8 73 41 ;1 4 61 35 ;2 4 26 24 ;
1 ;1 2 58 56 ;3 2 69 42 ;1 8 39 42 ;2 8 70 46 ;
1 ;3 2 27 39 ;2 4 35 50 ;3 2 41 18 ;
1 ;1 8 75 15 ;1 8 62 25 ;3 4 42 27 ;
new 4
1 8 30 59 ;1 4 65 13 ;3 2 80 23 ;3 2 77 28 ;1 8 76 14 ;4 8 82 44 ;1 2 92 51 ;2 4 66 56 ;
1 ;2 2 86 16 ;1 8 35 51 ;1 4 52 48 ;
1 ;2 8 91 51 ;3 8 67 23 ;2 4 50 17 ;2 2 94 43 ;
1 ;3 4 27 10 ;3 4 86 28 ;4 8 90 54 ;4 8 34 35 ;
new 2
1 2 79 24 ;4 8 28 18 ;1 8 35 13 ;1 8 91 17 ;4 4 34 22 ;4 8 81 33 ;3 4 51 49 ;1 2 56 39 ;1 2 37 31 ;2 2 14 18 ;2 2 6 10 ;
2 ;1 4 76 49 ;1 8 54 17 ;1 2 80 15 ;2 2 59 58 ;4 2 78 41 ;
