new 2
1 2 3 4 5 6 7 8 9 10 11 12 13 14 15 
3 16 17 18 19 20 21 22 
new 2
1 2 3 4 5 6 7 8 9 10 11 12 
9 13 14 15 
new 4
1 2 3 4 5 6 7 8 9 10 11 
4 12 13 14 15 16 17 18 
9 19 20 21 
4 22 23 24 
new 4
1 2 3 4 5 6 7 8 9 10 11 12 
3 13 14 15 16 17 18 19 7 
8 20 21 22 
5 23 24 25 26 
new 2
1 2 3 4 5 6 7 8 9 10 11 12 13 
7 14 15 16 17 18 
new 4
1 2 3 4 5 6 7 8 9 10 11 12 13 14 15 
4 16 17 18 19 20 21 22 23 
11 24 25 26 
4 27 28 29 30 31 32 33 34 
new 2
1 2 3 4 5 6 7 8 9 10 11 
5 12 13 14 15 16 17 18 
new 3
1 2 3 4 5 6 7 8 9 10 11 
5 12 13 14 15 16 
8 17 18 19 
new 4
1 2 3 4 5 6 7 8 9 10 11 
6 12 13 14 15 16 17 
10 18 19 20 
2 21 22 23 
new 3
1 2 3 4 5 6 7 8 9 10 11 12 13 14 
5 15 16 17 18 19 20 21 22 23 
11 24 25 26 27 8 
new 4
1 2 3 4 5 6 7 8 9 10 
4 11 12 13 14 15 1 
9 16 17 18 19 
4 20 21 22 23 24 25 
new 4
1 2 3 4 5 6 7 8 9 10 11 12 13 
2 14 15 16 
2 17 18 19 20 21 22 23 24 
6 25 26 27 28 3 
new 4
1 2 3 4 5 6 7 8 9 
1 10 11 12 
4 13 14 15 16 17 
1 18 19 20 21 22 
new 4
1 2 3 4 5 6 7 8 9 10 11 12 13 14 15 
11 16 17 18 19 20 21 22 
6 23 24 25 26 27 28 29 30 31 32 1 
13 33 34 35 36 3 
new 2
1 2 3 4 5 6 7 8 9 10 11 12 13 14 15 
10 16 17 18 19 20 21 22 23 
new 2
1 2 3 4 5 6 7 8 9 
6 10 11 12 13 6 
new 3
1 2 3 4 5 6 7 8 9 10 11 12 13 14 
2 15 16 17 18 19 20 21 22 
6 23 24 25 26 27 
new 4
1 2 3 4 5 6 7 8 9 10 11 12 13 14 15 
14 16 17 18 19 20 21 22 23 24 25 5 
7 26 27 28 29 30 31 32 33 
12 34 35 36 37 38 39 40 41 
new 3
1 2 3 4 5 6 7 8 9 10 11 
8 12 13 14 15 16 17 18 5 
3 19 20 21 22 
new 3
1 2 3 4 5 6 7 8 9 10 
2 11 12 13 
2 14 15 16 
new 4
1 2 3 4 5 6 7 8 9 10 11 12 
9 13 14 15 16 17 18 
1 19 20 21 22 23 24 25 26 
2 27 28 29 30 31 32 33 34 
new 4
1 2 3 4 5 6 7 8 9 10 11 12 13 14 15 
1 16 17 18 19 20 21 22 23 24 25 13 
1 26 27 28 29 30 31 
2 32 33 34 35 36 37 38 39 40 41 42 
new 4
1 2 3 4 5 6 7 8 
7 9 10 11 
6 12 13 14 
7 15 16 17 18 5 
new 4
1 2 3 4 5 6 7 8 9 10 11 12 13 14 
2 15 16 17 18 19 20 21 22 
1 23 24 25 26 27 28 29 30 31 
10 32 33 34 35 36 37 38 39 4 
new 3
1 2 3 4 5 6 7 8 9 10 11 
2 12 13 14 15 
10 16 17 18 
new 2
1 2 3 4 5 6 7 8 9 10 11 12 13 14 
10 15 16 17 18 
new 2
1 2 3 4 5 6 7 8 9 10 11 12 
1 13 14 15 16 17 18 19 2 
new 3
1 2 3 4 5 6 7 8 9 10 11 12 13 
12 14 15 16 17 18 19 20 21 22 
4 23 24 25 26 27 28 29 30 
new 3
1 2 3 4 5 6 7 8 9 
1 10 11 12 13 14 
1 15 16 17 
new 3
1 2 3 4 5 6 7 8 9 
4 10 11 12 13 14 
5 15 16 17 18 
new 4
1 2 3 4 5 6 7 8 9 10 11 12 13 14 15 
5 16 17 18 19 20 21 22 23 24 
11 25 26 27 28 29 30 31 
9 32 33 34 35 
new 4
1 2 3 4 5 6 7 8 9 10 11 12 13 14 15 
6 16 17 18 19 
9 20 21 22 9 
12 23 24 25 26 27 28 29 30 9 
new 2
1 2 3 4 5 6 7 8 9 10 11 12 
10 13 14 15 16 17 1 
new 4
1 2 3 4 5 6 7 8 9 10 11 12 
9 13 14 15 16 
3 17 18 19 20 21 
8 22 23 24 25 26 27 
new 3
1 2 3 4 5 6 7 8 9 10 11 12 13 14 
3 15 16 17 5 
2 18 19 20 21 22 23 24 7 
new 2
1 2 3 4 5 6 7 8 9 10 
5 11 12 13 14 
new 2
1 2 3 4 5 6 7 8 9 10 11 
3 12 13 14 5 
new 4
1 2 3 4 5 6 7 8 9 10 11 12 
10 13 14 15 16 17 18 19 20 
11 21 22 23 
8 24 25 26 27 28 
new 3
1 2 3 4 5 6 7 8 
6 9 10 11 
6 12 13 14 15 
new 2
1 2 3 4 5 6 7 8 9 10 11 12 13 
8 14 15 16 17 18 19 
new 2
1 2 3 4 5 6 7 8 9 
3 10 11 12 13 4 
new 4
1 2 3 4 5 6 7 8 9 10 11 12 13 
2 14 15 16 17 18 19 20 3 
7 21 22 23 24 25 26 
9 27 28 29 30 31 32 33 34 9 
new 2
1 2 3 4 5 6 7 8 
2 9 10 11 12 
new 3
1 2 3 4 5 6 7 8 9 10 11 
9 12 13 14 3 
3 15 16 17 
new 2
1 2 3 4 5 6 7 8 9 
5 10 11 12 
new 4
1 2 3 4 5 6 7 8 9 10 11 12 
3 13 14 15 16 17 18 19 
10 20 21 22 23 24 25 26 27 
11 28 29 30 31 
new 4
1 2 3 4 5 6 7 8 9 
4 10 11 12 13 
2 14 15 16 17 
7 18 19 20 
new 4
1 2 3 4 5 6 7 8 9 10 11 
6 12 13 14 15 
1 16 17 18 
8 19 20 21 22 10 
new 4
1 2 3 4 5 6 7 8 9 10 11 12 13 14 
2 15 16 17 
12 18 19 20 21 22 23 4 
4 24 25 26 27 
new 4
1 2 3 4 5 6 7 8 9 10 
8 11 12 13 14 15 
5 16 17 18 19 20 21 4 
8 22 23 24 25 
new 3
1 2 3 4 5 6 7 8 9 
1 10 11 12 
5 13 14 15 
new 3
1 2 3 4 5 6 7 8 
7 9 10 11 
2 12 13 14 15 
new 2
1 2 3 4 5 6 7 8 9 10 
4 11 12 13 14 15 
new 4
1 2 3 4 5 6 7 8 9 10 11 
10 12 13 14 15 16 17 
6 18 19 20 21 22 23 
4 24 25 26 27 28 8 
new 2
1 2 3 4 5 6 7 8 9 
1 10 11 12 13 14 
new 3
1 2 3 4 5 6 7 8 9 10 
9 11 12 13 14 15 16 
4 17 18 19 4 
new 4
1 2 3 4 5 6 7 8 9 10 11 12 
7 13 14 15 12 
7 16 17 18 19 20 21 
10 22 23 24 25 26 
new 2
1 2 3 4 5 6 7 8 9 10 11 12 13 
5 14 15 16 17 18 19 20 21 9 
new 2
1 2 3 4 5 6 7 8 9 10 11 12 13 
2 14 15 16 17 18 19 20 
new 3
1 2 3 4 5 6 7 8 
3 9 10 11 
6 12 13 14 
new 2
1 2 3 4 5 6 7 8 9 10 11 
8 12 13 14 15 16 17 3 
new 4
1 2 3 4 5 6 7 8 9 10 11 12 13 14 15 
1 16 17 18 19 20 21 22 14 
7 23 24 25 26 27 28 
1 29 30 31 32 33 34 35 
new 4
1 2 3 4 5 6 7 8 9 10 11 12 
6 13 14 15 16 17 18 
3 19 20 21 22 
5 23 24 25 26 27 28 
new 3
1 2 3 4 5 6 7 8 
2 9 10 11 12 
3 13 14 15 16 
new 3
1 2 3 4 5 6 7 8 9 
1 10 11 12 
3 13 14 15 16 17 
new 3
1 2 3 4 5 6 7 8 
4 9 10 11 
4 12 13 14 3 
new 3
1 2 3 4 5 6 7 8 9 10 11 12 13 
10 14 15 16 17 3 
9 18 19 20 21 
new 3
1 2 3 4 5 6 7 8 9 10 11 12 13 14 15 
12 16 17 18 19 20 21 22 
11 23 24 25 26 27 28 29 
new 3
1 2 3 4 5 6 7 8 9 10 
9 11 12 13 14 15 16 
2 17 18 19 20 21 22 
new 4
1 2 3 4 5 6 7 8 9 10 11 12 13 14 
2 15 16 17 18 19 20 21 22 23 24 
11 25 26 27 28 13 
12 29 30 31 32 33 34 35 
new 2
1 2 3 4 5 6 7 8 9 10 11 12 
8 13 14 15 16 17 18 
new 4
1 2 3 4 5 6 7 8 9 10 11 12 13 
6 14 15 16 17 18 
3 19 20 21 22 23 24 
12 25 26 27 28 29 30 31 32 33 
new 3
1 2 3 4 5 6 7 8 9 10 11 12 
9 13 14 15 16 17 18 19 20 
4 21 22 23 
new 3
1 2 3 4 5 6 7 8 9 10 11 12 13 14 
2 15 16 17 18 19 20 21 22 23 12 
7 24 25 26 27 28 29 30 31 32 33 
new 4
1 2 3 4 5 6 7 8 
4 9 10 11 
3 12 13 14 15 
7 16 17 18 
new 2
1 2 3 4 5 6 7 8 9 10 11 12 
7 13 14 15 16 17 18 19 12 
new 4
1 2 3 4 5 6 7 8 9 10 11 12 
10 13 14 15 16 17 18 19 20 
11 21 22 23 
1 24 25 26 
new 4
1 2 3 4 5 6 7 8 9 10 11 12 13 14 15 
4 16 17 18 19 20 21 22 23 24 25 
4 26 27 28 29 30 31 32 33 
6 34 35 36 
new 2
1 2 3 4 5 6 7 8 9 10 11 12 13 14 
7 15 16 17 18 5 
new 4
1 2 3 4 5 6 7 8 
5 9 10 11 6 
2 12 13 14 
1 15 16 17 18 4 
new 4
1 2 3 4 5 6 7 8 9 10 11 12 13 14 
9 15 16 17 
4 18 19 20 21 22 23 24 25 26 8 
5 27 28 29 30 31 32 33 
new 3
1 2 3 4 5 6 7 8 9 
3 10 11 12 13 14 3 
1 15 16 17 
new 2
1 2 3 4 5 6 7 8 9 10 11 12 13 
5 14 15 16 17 18 19 20 21 22 
new 2
1 2 3 4 5 6 7 8 9 10 11 12 13 14 
4 15 16 17 18 19 20 
new 3
1 2 3 4 5 6 7 8 9 
2 10 11 12 13 14 
7 15 16 17 18 19 7 
new 3
1 2 3 4 5 6 7 8 9 
6 10 11 12 9 
1 13 14 15 16 
new 2
1 2 3 4 5 6 7 8 9 10 11 12 13 
11 14 15 16 17 18 
new 2
1 2 3 4 5 6 7 8 9 10 11 
9 12 13 14 15 
new 3
1 2 3 4 5 6 7 8 9 10 
9 11 12 13 
2 14 15 16 
new 3
1 2 3 4 5 6 7 8 9 
8 10 11 12 
2 13 14 15 16 2 
new 3
1 2 3 4 5 6 7 8 9 
2 10 11 12 
8 13 14 15 
new 2
1 2 3 4 5 6 7 8 9 10 
6 11 12 13 14 15 8 
new 4
1 2 3 4 5 6 7 8 9 10 
9 11 12 13 14 15 16 7 
9 17 18 19 20 21 22 1 
2 23 24 25 26 
new 2
1 2 3 4 5 6 7 8 9 10 11 
4 12 13 14 15 16 17 18 
new 3
1 2 3 4 5 6 7 8 9 10 11 12 13 14 
1 15 16 17 18 19 20 21 22 23 
1 24 25 26 27 28 29 30 31 32 33 
new 3
1 2 3 4 5 6 7 8 9 10 
8 11 12 13 14 15 
3 16 17 18 19 
new 4
1 2 3 4 5 6 7 8 9 10 
7 11 12 13 14 15 
7 16 17 18 19 20 8 
7 21 22 23 24 
new 4
1 2 3 4 5 6 7 8 9 10 11 12 
4 13 14 15 16 17 18 19 20 
10 21 22 23 24 25 3 
7 26 27 28 29 30 10 
new 3
1 2 3 4 5 6 7 8 9 10 11 12 13 
10 14 15 16 17 18 19 20 21 22 
7 23 24 25 26 27 
new 4
1 2 3 4 5 6 7 8 9 10 11 12 13 
10 14 15 16 17 18 19 20 21 22 
8 23 24 25 26 27 28 
4 29 30 31 
