new
1 8 48 19 ;4 4 79 27 ;2 4 63 21 ;4 8 57 30 ;1 2 50 49 ;2 4 67 12 ;1 8 39 56 ;
2 ;2 4 47 ;4 4 11 ;
new
2 4 47 48 ;1 4 49 57 ;3 4 96 23 ;4 2 77 27 ;2 4 79 55 ;2 4 37 54 ;
1 ;3 8 35 26 ;2 4 57 43 ;1 4 35 46 ;
1 ;4 8 75 59 ;2 2 34 24 ;3 2 97 11 ;
1 ;2 4 21 24 ;3 2 79 25 ;
new
1 4 78 49 ;1 4 11 16 ;2 8 53 17 ;1 8 44 13 ;1 4 38 50 ;
1 ;1 2 69 38 ;
2 ;4 4 75 ;2 4 77 ;
new
1 8 69 31 ;1 8 41 12 ;2 8 56 29 ;4 8 46 21 ;3 4 62 58 ;4 2 55 22 ;
2 ;3 2 59 ;4 4 79 ;4 8 74 ;
1 ;4 2 85 42 ;3 8 29 55 ;
1 ;4 2 85 59 ;4 8 77 20 ;
new
4 4 85 22 ;1 8 70 34 ;1 4 100 11 ;3 4 41 49 ;1 2 22 21 ;
2 ;4 8 29 ;
1 ;3 2 68 58 ;1 8 27 10 ;
1 ;1 2 24 48 ;
