new 4
1 2 3 4 5 6 7 8 
1 9 10 11 12 
3 13 14 15 16 
6 17 18 19 20 
new 4
1 2 3 4 5 6 7 8 9 10 11 12 
6 13 14 15 
2 16 17 18 19 20 21 22 
9 23 24 25 26 27 28 29 30 
new 3
1 2 3 4 5 6 7 8 9 
1 10 11 12 13 
4 14 15 16 
new 4
1 2 3 4 5 6 7 8 9 10 
2 11 12 13 14 15 
4 16 17 18 19 
8 20 21 22 23 24 25 
new 3
1 2 3 4 5 6 7 8 9 10 11 12 13 
8 14 15 16 17 18 19 20 21 
8 22 23 24 
new 2
1 2 3 4 5 6 7 8 9 
3 10 11 12 13 
new 4
1 2 3 4 5 6 7 8 9 10 11 12 13 14 15 
2 16 17 18 19 
5 20 21 22 23 24 25 9 
3 26 27 28 29 30 31 32 12 
new 3
1 2 3 4 5 6 7 8 9 10 11 12 13 
2 14 15 16 17 
10 18 19 20 21 22 23 24 
new 4
1 2 3 4 5 6 7 8 9 10 11 12 13 14 
13 15 16 17 18 19 20 12 
10 21 22 23 24 25 
12 26 27 28 29 30 
new 3
1 2 3 4 5 6 7 8 9 10 11 12 
3 13 14 15 16 17 18 
3 19 20 21 
new 2
1 2 3 4 5 6 7 8 9 10 11 12 13 14 15 
2 16 17 18 
new 2
1 2 3 4 5 6 7 8 9 10 11 12 13 14 
9 15 16 17 18 19 20 21 22 23 
new 2
1 2 3 4 5 6 7 8 9 10 11 12 13 14 
5 15 16 17 18 19 20 8 
new 4
1 2 3 4 5 6 7 8 
4 9 10 11 12 
3 13 14 15 16 
4 17 18 19 20 
new 4
1 2 3 4 5 6 7 8 9 10 11 12 13 
2 14 15 16 17 18 19 20 21 
1 22 23 24 25 26 27 
8 28 29 30 31 32 33 34 35 36 8 
new 2
1 2 3 4 5 6 7 8 9 10 11 
3 12 13 14 15 16 17 
new 2
1 2 3 4 5 6 7 8 9 10 11 
7 12 13 14 15 16 
new 4
1 2 3 4 5 6 7 8 9 10 11 12 13 
3 14 15 16 17 18 19 20 
6 21 22 23 24 25 26 27 
4 28 29 30 31 32 33 34 35 36 
new 4
1 2 3 4 5 6 7 8 9 10 11 12 13 14 15 
1 16 17 18 19 20 21 22 
1 23 24 25 26 27 28 29 
14 30 31 32 33 34 35 36 37 38 39 12 
new 3
1 2 3 4 5 6 7 8 9 10 11 12 
6 13 14 15 16 17 18 19 1 
6 20 21 22 23 24 25 26 4 
new 2
1 2 3 4 5 6 7 8 9 10 11 12 
11 13 14 15 16 17 18 19 
new 3
1 2 3 4 5 6 7 8 9 10 11 12 13 14 
7 15 16 17 18 19 20 21 22 
12 23 24 25 26 27 28 29 30 
new 2
1 2 3 4 5 6 7 8 9 10 11 12 
1 13 14 15 12 
new 4
1 2 3 4 5 6 7 8 9 10 11 
4 12 13 14 15 16 17 
2 18 19 20 21 22 23 24 4 
2 25 26 27 28 29 30 
new 3
1 2 3 4 5 6 7 8 9 10 11 
5 12 13 14 15 16 17 18 
4 19 20 21 22 
new 3
1 2 3 4 5 6 7 8 9 10 11 12 13 14 15 
1 16 17 18 19 20 21 22 23 24 
1 25 26 27 28 29 
new 4
1 2 3 4 5 6 7 8 9 10 
5 11 12 13 14 
7 15 16 17 18 19 
8 20 21 22 23 24 25 
new 2
1 2 3 4 5 6 7 8 9 10 11 12 13 
9 14 15 16 17 18 8 
new 4
1 2 3 4 5 6 7 8 9 10 11 12 13 14 15 
6 16 17 18 19 20 21 3 
6 22 23 24 25 26 27 
7 28 29 30 31 32 33 
new 3
1 2 3 4 5 6 7 8 9 10 11 
2 12 13 14 15 16 17 
6 18 19 20 21 
new 3
1 2 3 4 5 6 7 8 
7 9 10 11 
1 12 13 14 8 
new 4
1 2 3 4 5 6 7 8 
4 9 10 11 
2 12 13 14 
5 15 16 17 18 
new 4
1 2 3 4 5 6 7 8 9 
7 10 11 12 13 
3 14 15 16 17 18 
3 19 20 21 22 23 
new 2
1 2 3 4 5 6 7 8 9 10 11 
2 12 13 14 15 16 17 18 
new 4
1 2 3 4 5 6 7 8 9 10 11 
2 12 13 14 
5 15 16 17 8 
8 18 19 20 21 22 23 
new 3
1 2 3 4 5 6 7 8 9 10 11 12 
5 13 14 15 16 17 18 
7 19 20 21 22 23 24 
new 4
1 2 3 4 5 6 7 8 9 10 11 12 
11 13 14 15 
10 16 17 18 19 20 
7 21 22 23 
new 2
1 2 3 4 5 6 7 8 9 10 
7 11 12 13 14 15 16 
new 2
1 2 3 4 5 6 7 8 9 10 11 
3 12 13 14 15 
new 4
1 2 3 4 5 6 7 8 9 10 11 12 13 14 15 
1 16 17 18 19 20 21 22 23 
2 24 25 26 27 28 29 30 31 
5 32 33 34 35 36 37 38 39 40 
new 2
1 2 3 4 5 6 7 8 
6 9 10 11 1 
new 3
1 2 3 4 5 6 7 8 9 10 
8 11 12 13 14 6 
2 15 16 17 18 
new 3
1 2 3 4 5 6 7 8 9 
4 10 11 12 13 14 
8 15 16 17 6 
new 4
1 2 3 4 5 6 7 8 9 10 11 12 13 
6 14 15 16 17 18 19 20 21 22 5 
5 23 24 25 26 27 28 29 30 31 
1 32 33 34 35 36 37 38 39 
new 2
1 2 3 4 5 6 7 8 9 10 11 12 13 
3 14 15 16 17 18 19 20 21 
new 3
1 2 3 4 5 6 7 8 9 10 11 12 
7 13 14 15 16 17 18 19 20 8 
5 21 22 23 24 25 26 27 28 
new 3
1 2 3 4 5 6 7 8 9 10 11 
3 12 13 14 15 16 
2 17 18 19 
new 4
1 2 3 4 5 6 7 8 9 10 11 
5 12 13 14 
3 15 16 17 
4 18 19 20 21 22 
new 4
1 2 3 4 5 6 7 8 9 10 11 12 13 14 
8 15 16 17 18 
7 19 20 21 
1 22 23 24 
new 3
1 2 3 4 5 6 7 8 
3 9 10 11 
4 12 13 14 15 
new 2
1 2 3 4 5 6 7 8 9 10 11 12 13 
3 14 15 16 17 2 
new 2
1 2 3 4 5 6 7 8 9 10 11 12 
6 13 14 15 
new 4
1 2 3 4 5 6 7 8 9 
4 10 11 12 
5 13 14 15 16 17 
2 18 19 20 21 
new 4
1 2 3 4 5 6 7 8 9 10 11 12 13 14 15 
8 16 17 18 
9 19 20 21 22 23 24 25 26 3 
1 27 28 29 30 14 
new 4
1 2 3 4 5 6 7 8 9 10 11 12 13 14 15 
7 16 17 18 19 20 
9 21 22 23 24 25 26 27 28 
9 29 30 31 32 33 34 35 36 37 38 
new 3
1 2 3 4 5 6 7 8 9 10 11 
1 12 13 14 
5 15 16 17 18 
new 4
1 2 3 4 5 6 7 8 9 10 11 12 13 14 15 
12 16 17 18 14 
7 19 20 21 22 23 24 25 26 27 
13 28 29 30 31 32 33 34 35 36 37 38 
new 2
1 2 3 4 5 6 7 8 9 10 11 12 
5 13 14 15 16 
new 3
1 2 3 4 5 6 7 8 9 10 
4 11 12 13 14 15 
8 16 17 18 
new 2
1 2 3 4 5 6 7 8 9 10 11 12 13 
3 14 15 16 17 18 19 20 21 
new 3
1 2 3 4 5 6 7 8 9 10 11 12 
1 13 14 15 16 17 18 19 20 
11 21 22 23 24 25 26 27 
new 2
1 2 3 4 5 6 7 8 
3 9 10 11 
new 2
1 2 3 4 5 6 7 8 9 10 11 12 
2 13 14 15 16 17 18 
new 2
1 2 3 4 5 6 7 8 9 
8 10 11 12 13 1 
new 4
1 2 3 4 5 6 7 8 9 10 11 12 13 
4 14 15 16 17 18 19 20 
8 21 22 23 24 25 26 27 
11 28 29 30 
new 3
1 2 3 4 5 6 7 8 
4 9 10 11 4 
6 12 13 14 15 
new 2
1 2 3 4 5 6 7 8 9 10 11 
6 12 13 14 15 16 
new 2
1 2 3 4 5 6 7 8 
7 9 10 11 
new 4
1 2 3 4 5 6 7 8 
4 9 10 11 
3 12 13 14 15 
3 16 17 18 19 
new 3
1 2 3 4 5 6 7 8 9 10 11 12 
5 13 14 15 16 17 18 6 
10 19 20 21 22 23 24 
new 2
1 2 3 4 5 6 7 8 9 
4 10 11 12 13 14 8 
new 3
1 2 3 4 5 6 7 8 
2 9 10 11 12 
6 13 14 15 
new 3
1 2 3 4 5 6 7 8 9 10 11 12 
10 13 14 15 16 17 18 
10 19 20 21 22 23 24 25 26 
new 4
1 2 3 4 5 6 7 8 9 10 11 12 13 14 
13 15 16 17 
4 18 19 20 
10 21 22 23 
new 2
1 2 3 4 5 6 7 8 9 10 11 12 13 14 
6 15 16 17 18 19 
new 2
1 2 3 4 5 6 7 8 9 10 11 12 13 14 15 
4 16 17 18 19 20 21 22 23 24 
new 4
1 2 3 4 5 6 7 8 9 10 11 12 13 14 15 
3 16 17 18 19 20 
5 21 22 23 24 25 26 27 28 29 
2 30 31 32 33 34 11 
new 2
1 2 3 4 5 6 7 8 9 
6 10 11 12 
new 3
1 2 3 4 5 6 7 8 9 10 11 12 
2 13 14 15 16 17 18 
5 19 20 21 22 23 24 
new 3
1 2 3 4 5 6 7 8 9 10 11 12 13 
11 14 15 16 17 
1 18 19 20 21 22 23 
new 4
1 2 3 4 5 6 7 8 9 10 11 
5 12 13 14 15 
4 16 17 18 19 20 21 1 
8 22 23 24 25 26 
new 4
1 2 3 4 5 6 7 8 9 10 11 
3 12 13 14 15 16 17 5 
5 18 19 20 
4 21 22 23 24 25 
new 4
1 2 3 4 5 6 7 8 9 10 11 12 
6 13 14 15 16 17 18 
4 19 20 21 
2 22 23 24 25 26 27 
new 2
1 2 3 4 5 6 7 8 9 
5 10 11 12 
new 2
1 2 3 4 5 6 7 8 9 10 
5 11 12 13 14 15 16 9 
new 4
1 2 3 4 5 6 7 8 
2 9 10 11 2 
2 12 13 14 
6 15 16 17 
new 4
1 2 3 4 5 6 7 8 9 
4 10 11 12 13 14 
3 15 16 17 18 9 
6 19 20 21 4 
new 3
1 2 3 4 5 6 7 8 
5 9 10 11 
7 12 13 14 15 
new 2
1 2 3 4 5 6 7 8 9 10 11 12 13 14 15 
7 16 17 18 19 20 21 6 
new 4
1 2 3 4 5 6 7 8 9 10 11 
6 12 13 14 15 10 
9 16 17 18 19 
6 20 21 22 23 24 25 26 
new 2
1 2 3 4 5 6 7 8 9 10 11 12 
8 13 14 15 
new 4
1 2 3 4 5 6 7 8 
4 9 10 11 12 5 
5 13 14 15 6 
4 16 17 18 
new 3
1 2 3 4 5 6 7 8 9 10 11 12 13 
10 14 15 16 17 18 19 20 21 22 8 
8 23 24 25 26 27 12 
new 4
1 2 3 4 5 6 7 8 9 10 11 12 13 
9 14 15 16 17 18 19 
9 20 21 22 
9 23 24 25 26 27 28 29 30 31 
new 2
1 2 3 4 5 6 7 8 9 10 11 
8 12 13 14 15 16 17 18 
new 3
1 2 3 4 5 6 7 8 9 10 
7 11 12 13 14 1 
6 15 16 17 18 19 
new 4
1 2 3 4 5 6 7 8 9 
3 10 11 12 
2 13 14 15 
1 16 17 18 19 
new 2
1 2 3 4 5 6 7 8 
7 9 10 11 12 
new 4
1 2 3 4 5 6 7 8 
2 9 10 11 12 
4 13 14 15 16 
2 17 18 19 2 
new 3
1 2 3 4 5 6 7 8 9 
7 10 11 12 13 14 
1 15 16 17 
