1003 362797056 15145 
1040 10077696 15963 
1048 362797056 15126 
1048 60466176 15145 
1040 60466176 15658 
1022 60466176 15748 
1038 1679616 15212 
1017 60466176 15961 
1009 10077696 15274 
1016 60466176 16196 
1035 1679616 15554 
1039 60466176 16162 
1011 1679616 15938 
1010 1679616 15360 
1047 362797056 16028 
1049 10077696 15283 
1005 60466176 15132 
1003 1679616 15705 
1030 60466176 15976 
1019 60466176 15368 
1047 1679616 15945 
1044 362797056 15341 
1040 362797056 15901 
1013 60466176 15130 
1046 10077696 15971 
1014 362797056 15176 
1010 60466176 15006 
1033 1679616 15481 
1020 1679616 15219 
1006 1679616 15039 
1029 1679616 15107 
1027 362797056 15990 
1004 60466176 16095 
1032 1679616 16216 
1010 10077696 15500 
1019 60466176 16084 
1005 1679616 16038 
1038 1679616 15013 
1016 60466176 15494 
1046 1679616 15380 
1024 362797056 15208 
1001 1679616 15222 
1025 362797056 15247 
1016 60466176 16091 
1032 60466176 15534 
1048 1679616 16149 
1022 60466176 15335 
1027 60466176 16205 
1038 10077696 15027 
1016 1679616 15021 
1025 1679616 16219 
1000 60466176 15690 
1035 1679616 15636 
1017 10077696 15267 
1049 1679616 16010 
1000 1679616 15295 
1048 60466176 15817 
1007 10077696 16173 
1022 10077696 16451 
1046 362797056 16030 
1033 362797056 15621 
1037 1679616 16175 
1020 362797056 15055 
1033 60466176 15180 
1014 362797056 16445 
1013 362797056 15791 
1046 60466176 16004 
1039 362797056 16334 
1041 1679616 15743 
1020 10077696 15957 
1024 60466176 15542 
1046 1679616 15348 
1047 60466176 15343 
1033 1679616 16038 
1020 362797056 16489 
1026 10077696 15752 
1024 10077696 15717 
1042 60466176 16467 
1036 1679616 15539 
1017 10077696 15190 
1003 60466176 16028 
1009 1679616 15371 
1003 10077696 15497 
1023 362797056 15450 
1044 60466176 15061 
1036 362797056 16057 
1024 10077696 15687 
1042 362797056 15691 
1015 1679616 15708 
1043 10077696 15252 
1028 1679616 15816 
1017 10077696 15130 
1049 60466176 15982 
1040 10077696 16008 
1002 60466176 16365 
1043 362797056 15326 
1035 362797056 15781 
1031 60466176 15563 
1037 10077696 15770 
1022 60466176 15802 
